4
10
8
1 1 1 1 2 1 1 2
0.18 0.95 1.43 0.93 0.35 1.17 1.86 0.41 1.50 0.11
1.47 1.38 1.32 0.42 0.30 1.29 1.00 0.34 1.91 1.25
1.08 1.67 1.18 1.57 0.25 1.18 1.42 0.23 0.46 0.79
1.64 1.08 0.81 1.52 1.56 0.45 1.71 1.43 0.27 1.69
1.07 0.38 1.93 1.26 1.00 1.17 1.97 1.56 0.27 1.39
1.98 0.14 1.53 0.95 0.66 0.11 0.55 1.78 1.21 0.89
0.32 1.05 0.22 0.84 1.99 0.67 1.72 1.14 1.57 0.47
1.50 1.66 0.78 0.81 0.18 1.73 0.83 1.12 0.63 0.60
1.20 1.78 1.49 1.53 1.87 0.42 1.38 0.13 0.78 0.59
1.25 1.38 1.88 0.52 0.76 1.37 1.66 1.23 1.26 0.98
1.13 0.60 0.62 1.45 0.29 1.73 1.09 1.08 1.21 1.06
1.53 1.72 0.16 0.49 1.65 0.21 0.38 1.59 0.77 1.08
0.59 0.18 0.40 1.02 1.85 1.96 0.86 1.17 0.82 1.34
0.43 1.39 0.63 1.38 1.11 0.49 1.27 1.36 1.65 1.45
1.15 1.68 1.83 0.66 0.72 0.90 1.25 0.43 0.41 0.52
0.81 0.31 0.76 0.69 1.86 1.03 0.43 0.47 1.61 0.64
0.30 0.15 0.57 1.67 0.99 1.16 1.83 1.44 0.95 1.30
1.47 1.14 0.11 1.53 1.15 1.71 0.66 1.18 1.31 0.82
1.57 0.81 1.85 0.88 1.45 1.23 1.10 1.59 1.07 0.35
0.32 0.22 0.88 0.33 1.14 1.26 0.91 0.23 0.66 0.60
1.56 1.55 0.31 1.75 0.23 0.56 0.25 1.71 0.60 0.62
0.70 0.69 0.39 0.66 0.12 1.90 1.71 1.45 0.13 1.93
0.84 0.92 1.58 1.95 0.44 1.05 0.53 0.55 0.59 0.40
1.30 1.22 0.60 1.11 0.84 0.61 0.61 0.62 1.75 0.38
0.93 1.33 0.14 0.87 1.39 1.12 0.31 1.13 1.21 0.43
1.45 1.39 1.66 1.94 1.19 0.79 1.36 1.91 1.62 0.59
1.69 0.57 0.81 1.40 0.15 1.37 1.67 1.66 0.91 0.49
1.94 1.99 1.99 1.68 1.98 1.25 1.80 1.48 0.16 1.39
0.61 0.54 1.86 1.94 0.25 0.57 0.71 1.91 1.34 0.65
1.83 0.30 1.36 0.15 0.26 1.19 1.07 1.89 1.67 0.17
1.23 1.78 0.68 0.76 1.56 0.31 1.35 0.59 1.10 1.14
0.11 1.58 1.81 0.61 1.79 1.34 1.42 1.33 0.82 0.81
