Total timeslots:4
Total Users:2
User Timeslot usage:
[2. 2.]

Predicted rate for session 0:
[[1.2 0.8 1.2 2.1]
 [0.4 1.5 1.2 0.8]]

Predicted rate for session 1:
[[1.  1.1 0.7 1.5]
 [0.7 1.2 1.7 0.4]]

Scheduling session aggregation:
[[[1.2 0.8 1.2 2.1]
  [0.4 1.5 1.2 0.8]]

 [[1.  1.1 0.7 1.5]
  [0.7 1.2 1.7 0.4]]]

Initial Population:
ind0:
   1 |   0 |   0 |   1 |
0.40 |0.80 |1.20 |0.80 |
   1 |   0 |   0 |   1 |
0.70 |1.10 |0.70 |0.40 |

ind1:
   0 |   1 |   1 |   0 |
1.20 |1.50 |1.20 |2.10 |
   0 |   1 |   0 |   1 |
1.00 |1.20 |0.70 |0.40 |

ind2:
   1 |   1 |   0 |   0 |
0.40 |1.50 |1.20 |2.10 |
   0 |   0 |   1 |   1 |
1.00 |1.10 |1.70 |0.40 |

ind3:
   1 |   0 |   0 |   1 |
0.40 |0.80 |1.20 |0.80 |
   0 |   1 |   1 |   0 |
1.00 |1.20 |1.70 |1.50 |

ind4:
   1 |   1 |   0 |   0 |
0.40 |1.50 |1.20 |2.10 |
   1 |   1 |   0 |   0 |
0.70 |1.20 |0.70 |1.50 |


Crossover using roulette and Session Swap Mutation


Max fitness of generation 5 = 9.40
	[1. 1. 0. 0.][0. 0. 1. 1.]
ind0:
   1 |   1 |   0 |   0 |
0.40 |1.50 |1.20 |2.10 |
   0 |   0 |   1 |   1 |
1.00 |1.10 |1.70 |0.40 |

ind1:
   1 |   1 |   0 |   0 |
0.40 |1.50 |1.20 |2.10 |
   0 |   0 |   1 |   1 |
1.00 |1.10 |1.70 |0.40 |

ind2:
   1 |   0 |   0 |   1 |
0.40 |0.80 |1.20 |0.80 |
   0 |   0 |   1 |   1 |
1.00 |1.10 |1.70 |0.40 |

ind3:
   1 |   1 |   0 |   0 |
0.40 |1.50 |1.20 |2.10 |
   0 |   0 |   1 |   1 |
1.00 |1.10 |1.70 |0.40 |

ind4:
   0 |   0 |   1 |   1 |
1.20 |0.80 |1.20 |0.80 |
   1 |   0 |   0 |   1 |
0.70 |1.10 |0.70 |0.40 |


Crossover using Tournament and Timeslot Swap Mutation


Max fitness of generation 5 = 10.60
	[1. 1. 0. 0.][0. 1. 1. 0.]
ind0:
   1 |   1 |   0 |   0 |
0.40 |1.50 |1.20 |2.10 |
   0 |   1 |   1 |   0 |
1.00 |1.20 |1.70 |1.50 |

ind1:
   1 |   1 |   0 |   0 |
0.40 |1.50 |1.20 |2.10 |
   0 |   1 |   1 |   0 |
1.00 |1.20 |1.70 |1.50 |

ind2:
   1 |   1 |   0 |   0 |
0.40 |1.50 |1.20 |2.10 |
   0 |   1 |   1 |   0 |
1.00 |1.20 |1.70 |1.50 |

ind3:
   1 |   1 |   0 |   0 |
0.40 |1.50 |1.20 |2.10 |
   1 |   0 |   0 |   1 |
0.70 |1.10 |0.70 |0.40 |

ind4:
   1 |   1 |   0 |   0 |
0.40 |1.50 |1.20 |2.10 |
   0 |   1 |   1 |   0 |
1.00 |1.20 |1.70 |1.50 |


