Total timeslots:10
Total Users:8
User Timeslot usage:
[1. 1. 1. 1. 2. 1. 1. 2.]

Predicted rate for session 0:
[[0.18 0.95 1.43 0.93 0.35 1.17 1.86 0.41 1.5  0.11]
 [1.47 1.38 1.32 0.42 0.3  1.29 1.   0.34 1.91 1.25]
 [1.08 1.67 1.18 1.57 0.25 1.18 1.42 0.23 0.46 0.79]
 [1.64 1.08 0.81 1.52 1.56 0.45 1.71 1.43 0.27 1.69]
 [1.07 0.38 1.93 1.26 1.   1.17 1.97 1.56 0.27 1.39]
 [1.98 0.14 1.53 0.95 0.66 0.11 0.55 1.78 1.21 0.89]
 [0.32 1.05 0.22 0.84 1.99 0.67 1.72 1.14 1.57 0.47]
 [1.5  1.66 0.78 0.81 0.18 1.73 0.83 1.12 0.63 0.6 ]]

Predicted rate for session 1:
[[1.2  1.78 1.49 1.53 1.87 0.42 1.38 0.13 0.78 0.59]
 [1.25 1.38 1.88 0.52 0.76 1.37 1.66 1.23 1.26 0.98]
 [1.13 0.6  0.62 1.45 0.29 1.73 1.09 1.08 1.21 1.06]
 [1.53 1.72 0.16 0.49 1.65 0.21 0.38 1.59 0.77 1.08]
 [0.59 0.18 0.4  1.02 1.85 1.96 0.86 1.17 0.82 1.34]
 [0.43 1.39 0.63 1.38 1.11 0.49 1.27 1.36 1.65 1.45]
 [1.15 1.68 1.83 0.66 0.72 0.9  1.25 0.43 0.41 0.52]
 [0.81 0.31 0.76 0.69 1.86 1.03 0.43 0.47 1.61 0.64]]

Predicted rate for session 2:
[[0.3  0.15 0.57 1.67 0.99 1.16 1.83 1.44 0.95 1.3 ]
 [1.47 1.14 0.11 1.53 1.15 1.71 0.66 1.18 1.31 0.82]
 [1.57 0.81 1.85 0.88 1.45 1.23 1.1  1.59 1.07 0.35]
 [0.32 0.22 0.88 0.33 1.14 1.26 0.91 0.23 0.66 0.6 ]
 [1.56 1.55 0.31 1.75 0.23 0.56 0.25 1.71 0.6  0.62]
 [0.7  0.69 0.39 0.66 0.12 1.9  1.71 1.45 0.13 1.93]
 [0.84 0.92 1.58 1.95 0.44 1.05 0.53 0.55 0.59 0.4 ]
 [1.3  1.22 0.6  1.11 0.84 0.61 0.61 0.62 1.75 0.38]]

Predicted rate for session 3:
[[0.93 1.33 0.14 0.87 1.39 1.12 0.31 1.13 1.21 0.43]
 [1.45 1.39 1.66 1.94 1.19 0.79 1.36 1.91 1.62 0.59]
 [1.69 0.57 0.81 1.4  0.15 1.37 1.67 1.66 0.91 0.49]
 [1.94 1.99 1.99 1.68 1.98 1.25 1.8  1.48 0.16 1.39]
 [0.61 0.54 1.86 1.94 0.25 0.57 0.71 1.91 1.34 0.65]
 [1.83 0.3  1.36 0.15 0.26 1.19 1.07 1.89 1.67 0.17]
 [1.23 1.78 0.68 0.76 1.56 0.31 1.35 0.59 1.1  1.14]
 [0.11 1.58 1.81 0.61 1.79 1.34 1.42 1.33 0.82 0.81]]

Scheduling session aggregation:
[[[0.18 0.95 1.43 0.93 0.35 1.17 1.86 0.41 1.5  0.11]
  [1.47 1.38 1.32 0.42 0.3  1.29 1.   0.34 1.91 1.25]
  [1.08 1.67 1.18 1.57 0.25 1.18 1.42 0.23 0.46 0.79]
  [1.64 1.08 0.81 1.52 1.56 0.45 1.71 1.43 0.27 1.69]
  [1.07 0.38 1.93 1.26 1.   1.17 1.97 1.56 0.27 1.39]
  [1.98 0.14 1.53 0.95 0.66 0.11 0.55 1.78 1.21 0.89]
  [0.32 1.05 0.22 0.84 1.99 0.67 1.72 1.14 1.57 0.47]
  [1.5  1.66 0.78 0.81 0.18 1.73 0.83 1.12 0.63 0.6 ]]

 [[1.2  1.78 1.49 1.53 1.87 0.42 1.38 0.13 0.78 0.59]
  [1.25 1.38 1.88 0.52 0.76 1.37 1.66 1.23 1.26 0.98]
  [1.13 0.6  0.62 1.45 0.29 1.73 1.09 1.08 1.21 1.06]
  [1.53 1.72 0.16 0.49 1.65 0.21 0.38 1.59 0.77 1.08]
  [0.59 0.18 0.4  1.02 1.85 1.96 0.86 1.17 0.82 1.34]
  [0.43 1.39 0.63 1.38 1.11 0.49 1.27 1.36 1.65 1.45]
  [1.15 1.68 1.83 0.66 0.72 0.9  1.25 0.43 0.41 0.52]
  [0.81 0.31 0.76 0.69 1.86 1.03 0.43 0.47 1.61 0.64]]

 [[0.3  0.15 0.57 1.67 0.99 1.16 1.83 1.44 0.95 1.3 ]
  [1.47 1.14 0.11 1.53 1.15 1.71 0.66 1.18 1.31 0.82]
  [1.57 0.81 1.85 0.88 1.45 1.23 1.1  1.59 1.07 0.35]
  [0.32 0.22 0.88 0.33 1.14 1.26 0.91 0.23 0.66 0.6 ]
  [1.56 1.55 0.31 1.75 0.23 0.56 0.25 1.71 0.6  0.62]
  [0.7  0.69 0.39 0.66 0.12 1.9  1.71 1.45 0.13 1.93]
  [0.84 0.92 1.58 1.95 0.44 1.05 0.53 0.55 0.59 0.4 ]
  [1.3  1.22 0.6  1.11 0.84 0.61 0.61 0.62 1.75 0.38]]

 [[0.93 1.33 0.14 0.87 1.39 1.12 0.31 1.13 1.21 0.43]
  [1.45 1.39 1.66 1.94 1.19 0.79 1.36 1.91 1.62 0.59]
  [1.69 0.57 0.81 1.4  0.15 1.37 1.67 1.66 0.91 0.49]
  [1.94 1.99 1.99 1.68 1.98 1.25 1.8  1.48 0.16 1.39]
  [0.61 0.54 1.86 1.94 0.25 0.57 0.71 1.91 1.34 0.65]
  [1.83 0.3  1.36 0.15 0.26 1.19 1.07 1.89 1.67 0.17]
  [1.23 1.78 0.68 0.76 1.56 0.31 1.35 0.59 1.1  1.14]
  [0.11 1.58 1.81 0.61 1.79 1.34 1.42 1.33 0.82 0.81]]]

Initial Population:
ind0:
   0 |   1 |   4 |   7 |   4 |   5 |   3 |   6 |   7 |   2 |
0.18 |1.38 |1.93 |0.81 |1.00 |0.11 |1.71 |1.14 |0.63 |0.79 |
   2 |   1 |   4 |   5 |   3 |   0 |   6 |   4 |   7 |   7 |
1.13 |1.38 |0.40 |1.38 |1.65 |0.42 |1.25 |1.17 |1.61 |0.64 |
   5 |   0 |   6 |   1 |   7 |   2 |   7 |   4 |   4 |   3 |
0.70 |0.15 |1.58 |1.53 |0.84 |1.23 |0.61 |1.71 |0.60 |0.60 |
   3 |   4 |   1 |   7 |   6 |   4 |   5 |   0 |   2 |   7 |
1.94 |0.54 |1.66 |0.61 |1.56 |0.57 |1.07 |1.13 |0.91 |0.81 |

ind1:
   7 |   1 |   6 |   2 |   5 |   4 |   7 |   4 |   0 |   3 |
1.50 |1.38 |0.22 |1.57 |0.66 |1.17 |0.83 |1.56 |1.50 |1.69 |
   6 |   7 |   1 |   7 |   2 |   3 |   0 |   5 |   4 |   4 |
1.15 |0.31 |1.88 |0.69 |0.29 |0.21 |1.38 |1.36 |0.82 |1.34 |
   2 |   6 |   7 |   0 |   7 |   1 |   5 |   4 |   4 |   3 |
1.57 |0.92 |0.60 |1.67 |0.84 |1.71 |1.71 |1.71 |0.60 |0.60 |
   1 |   4 |   2 |   0 |   7 |   3 |   5 |   6 |   4 |   7 |
1.45 |0.54 |0.81 |0.87 |1.79 |1.25 |1.07 |0.59 |1.34 |0.81 |

ind2:
   6 |   5 |   7 |   3 |   1 |   7 |   4 |   0 |   4 |   2 |
0.32 |0.14 |0.78 |1.52 |0.30 |1.73 |1.97 |0.41 |0.27 |0.79 |
   0 |   4 |   6 |   5 |   7 |   4 |   1 |   7 |   2 |   3 |
1.20 |0.18 |1.83 |1.38 |1.86 |1.96 |1.66 |0.47 |1.21 |1.08 |
   4 |   7 |   7 |   3 |   6 |   0 |   5 |   4 |   2 |   1 |
1.56 |1.22 |0.60 |0.33 |0.44 |1.16 |1.71 |1.71 |1.07 |0.82 |
   4 |   5 |   0 |   6 |   4 |   1 |   7 |   7 |   2 |   3 |
0.61 |0.30 |0.14 |0.76 |0.25 |0.79 |1.42 |1.33 |0.91 |1.39 |

ind3:
   2 |   5 |   7 |   3 |   6 |   4 |   1 |   7 |   0 |   4 |
1.08 |0.14 |0.78 |1.52 |1.99 |1.17 |1.00 |1.12 |1.50 |1.39 |
   6 |   1 |   3 |   4 |   2 |   7 |   7 |   4 |   0 |   5 |
1.15 |1.38 |0.16 |1.02 |0.29 |1.03 |0.43 |1.17 |0.78 |1.45 |
   1 |   6 |   4 |   0 |   7 |   5 |   7 |   2 |   3 |   4 |
1.47 |0.92 |0.31 |1.67 |0.84 |1.90 |0.61 |1.59 |0.66 |0.62 |
   3 |   0 |   1 |   5 |   2 |   4 |   7 |   4 |   7 |   6 |
1.94 |1.33 |1.66 |0.15 |0.15 |0.57 |1.42 |1.91 |0.82 |1.14 |

ind4:
   3 |   0 |   5 |   6 |   7 |   7 |   2 |   4 |   1 |   4 |
1.64 |0.95 |1.53 |0.84 |0.18 |1.73 |1.42 |1.56 |1.91 |1.39 |
   2 |   5 |   3 |   0 |   6 |   7 |   7 |   1 |   4 |   4 |
1.13 |1.39 |0.16 |1.53 |0.72 |1.03 |0.43 |1.23 |0.82 |1.34 |
   6 |   7 |   0 |   5 |   3 |   7 |   2 |   1 |   4 |   4 |
0.84 |1.22 |0.57 |0.66 |1.14 |0.61 |1.10 |1.18 |0.60 |0.62 |
   5 |   2 |   0 |   6 |   7 |   7 |   3 |   4 |   4 |   1 |
1.83 |0.57 |0.14 |0.76 |1.79 |1.34 |1.80 |1.91 |1.34 |0.59 |


Crossover using roulette and Session Swap Mutation


Max fitness of generation 5 = 46.61
	[3. 0. 5. 6. 7. 7. 2. 4. 1. 4.][3. 0. 5. 6. 7. 7. 2. 4. 1. 4.][1. 6. 4. 0. 7. 5. 7. 2. 3. 4.][1. 4. 2. 0. 7. 3. 5. 6. 4. 7.]
ind0:
   3 |   0 |   5 |   6 |   7 |   7 |   2 |   4 |   1 |   4 |
1.64 |0.95 |1.53 |0.84 |0.18 |1.73 |1.42 |1.56 |1.91 |1.39 |
   3 |   0 |   5 |   6 |   7 |   7 |   2 |   4 |   1 |   4 |
1.53 |1.78 |0.63 |0.66 |1.86 |1.03 |1.09 |1.17 |1.26 |1.34 |
   1 |   6 |   4 |   0 |   7 |   5 |   7 |   2 |   3 |   4 |
1.47 |0.92 |0.31 |1.67 |0.84 |1.90 |0.61 |1.59 |0.66 |0.62 |
   1 |   4 |   2 |   0 |   7 |   3 |   5 |   6 |   4 |   7 |
1.45 |0.54 |0.81 |0.87 |1.79 |1.25 |1.07 |0.59 |1.34 |0.81 |

ind1:
   6 |   7 |   1 |   7 |   2 |   3 |   0 |   5 |   4 |   4 |
0.32 |1.66 |1.32 |0.81 |0.25 |0.45 |1.86 |1.78 |0.27 |1.39 |
   3 |   0 |   5 |   6 |   7 |   7 |   2 |   4 |   1 |   4 |
1.53 |1.78 |0.63 |0.66 |1.86 |1.03 |1.09 |1.17 |1.26 |1.34 |
   3 |   0 |   5 |   6 |   7 |   7 |   2 |   4 |   1 |   4 |
0.32 |0.15 |0.39 |1.95 |0.84 |0.61 |1.10 |1.71 |1.31 |0.62 |
   2 |   5 |   3 |   0 |   6 |   7 |   7 |   1 |   4 |   4 |
1.69 |0.30 |1.99 |0.87 |1.56 |1.34 |1.42 |1.91 |1.34 |0.65 |

ind2:
   3 |   0 |   5 |   6 |   7 |   7 |   2 |   4 |   1 |   4 |
1.64 |0.95 |1.53 |0.84 |0.18 |1.73 |1.42 |1.56 |1.91 |1.39 |
   6 |   7 |   1 |   7 |   2 |   3 |   0 |   5 |   4 |   4 |
1.15 |0.31 |1.88 |0.69 |0.29 |0.21 |1.38 |1.36 |0.82 |1.34 |
   3 |   0 |   5 |   6 |   7 |   7 |   2 |   4 |   1 |   4 |
0.32 |0.15 |0.39 |1.95 |0.84 |0.61 |1.10 |1.71 |1.31 |0.62 |
   3 |   0 |   1 |   5 |   2 |   4 |   7 |   4 |   7 |   6 |
1.94 |1.33 |1.66 |0.15 |0.15 |0.57 |1.42 |1.91 |0.82 |1.14 |

ind3:
   1 |   6 |   4 |   0 |   7 |   5 |   7 |   2 |   3 |   4 |
1.47 |1.05 |1.93 |0.93 |0.18 |0.11 |0.83 |0.23 |0.27 |1.39 |
   6 |   7 |   1 |   7 |   2 |   3 |   0 |   5 |   4 |   4 |
1.15 |0.31 |1.88 |0.69 |0.29 |0.21 |1.38 |1.36 |0.82 |1.34 |
   3 |   0 |   5 |   6 |   7 |   7 |   2 |   4 |   1 |   4 |
0.32 |0.15 |0.39 |1.95 |0.84 |0.61 |1.10 |1.71 |1.31 |0.62 |
   3 |   0 |   1 |   5 |   2 |   4 |   7 |   4 |   7 |   6 |
1.94 |1.33 |1.66 |0.15 |0.15 |0.57 |1.42 |1.91 |0.82 |1.14 |

ind4:
   1 |   6 |   4 |   0 |   7 |   5 |   7 |   2 |   3 |   4 |
1.47 |1.05 |1.93 |0.93 |0.18 |0.11 |0.83 |0.23 |0.27 |1.39 |
   3 |   0 |   1 |   5 |   2 |   4 |   7 |   4 |   7 |   6 |
1.53 |1.78 |1.88 |1.38 |0.29 |1.96 |0.43 |1.17 |1.61 |0.52 |
   2 |   6 |   7 |   0 |   7 |   1 |   5 |   4 |   4 |   3 |
1.57 |0.92 |0.60 |1.67 |0.84 |1.71 |1.71 |1.71 |0.60 |0.60 |
   3 |   0 |   1 |   5 |   2 |   4 |   7 |   4 |   7 |   6 |
1.94 |1.33 |1.66 |0.15 |0.15 |0.57 |1.42 |1.91 |0.82 |1.14 |


Crossover using Tournament and Timeslot Swap Mutation


Max fitness of generation 5 = 47.41
	[7. 1. 6. 2. 5. 4. 7. 4. 0. 3.][6. 7. 1. 7. 3. 2. 0. 5. 4. 4.][2. 6. 7. 0. 7. 1. 5. 4. 4. 3.][3. 0. 1. 5. 2. 4. 7. 4. 7. 6.]
ind0:
   7 |   1 |   6 |   2 |   5 |   4 |   7 |   4 |   0 |   3 |
1.50 |1.38 |0.22 |1.57 |0.66 |1.17 |0.83 |1.56 |1.50 |1.69 |
   6 |   7 |   1 |   7 |   2 |   3 |   0 |   5 |   4 |   4 |
1.15 |0.31 |1.88 |0.69 |0.29 |0.21 |1.38 |1.36 |0.82 |1.34 |
   2 |   6 |   7 |   0 |   7 |   1 |   5 |   4 |   4 |   3 |
1.57 |0.92 |0.60 |1.67 |0.84 |1.71 |1.71 |1.71 |0.60 |0.60 |
   3 |   0 |   1 |   5 |   2 |   4 |   7 |   4 |   7 |   6 |
1.94 |1.33 |1.66 |0.15 |0.15 |0.57 |1.42 |1.91 |0.82 |1.14 |

ind1:
   7 |   1 |   6 |   2 |   5 |   4 |   7 |   4 |   0 |   3 |
1.50 |1.38 |0.22 |1.57 |0.66 |1.17 |0.83 |1.56 |1.50 |1.69 |
   6 |   7 |   1 |   7 |   2 |   3 |   0 |   5 |   4 |   4 |
1.15 |0.31 |1.88 |0.69 |0.29 |0.21 |1.38 |1.36 |0.82 |1.34 |
   2 |   6 |   7 |   0 |   7 |   1 |   5 |   4 |   4 |   3 |
1.57 |0.92 |0.60 |1.67 |0.84 |1.71 |1.71 |1.71 |0.60 |0.60 |
   3 |   4 |   1 |   5 |   2 |   0 |   7 |   4 |   7 |   6 |
1.94 |0.54 |1.66 |0.15 |0.15 |1.12 |1.42 |1.91 |0.82 |1.14 |

ind2:
   7 |   1 |   6 |   2 |   5 |   4 |   7 |   4 |   0 |   3 |
1.50 |1.38 |0.22 |1.57 |0.66 |1.17 |0.83 |1.56 |1.50 |1.69 |
   6 |   7 |   1 |   7 |   3 |   2 |   0 |   5 |   4 |   4 |
1.15 |0.31 |1.88 |0.69 |1.65 |1.73 |1.38 |1.36 |0.82 |1.34 |
   2 |   6 |   7 |   0 |   7 |   1 |   5 |   4 |   4 |   3 |
1.57 |0.92 |0.60 |1.67 |0.84 |1.71 |1.71 |1.71 |0.60 |0.60 |
   3 |   0 |   1 |   5 |   2 |   4 |   7 |   4 |   7 |   6 |
1.94 |1.33 |1.66 |0.15 |0.15 |0.57 |1.42 |1.91 |0.82 |1.14 |

ind3:
   7 |   1 |   6 |   2 |   5 |   4 |   7 |   4 |   0 |   3 |
1.50 |1.38 |0.22 |1.57 |0.66 |1.17 |0.83 |1.56 |1.50 |1.69 |
   6 |   7 |   1 |   7 |   2 |   3 |   0 |   5 |   4 |   4 |
1.15 |0.31 |1.88 |0.69 |0.29 |0.21 |1.38 |1.36 |0.82 |1.34 |
   2 |   6 |   7 |   0 |   7 |   1 |   5 |   4 |   4 |   3 |
1.57 |0.92 |0.60 |1.67 |0.84 |1.71 |1.71 |1.71 |0.60 |0.60 |
   3 |   0 |   1 |   2 |   5 |   4 |   7 |   4 |   7 |   6 |
1.94 |1.33 |1.66 |1.40 |0.26 |0.57 |1.42 |1.91 |0.82 |1.14 |

ind4:
   7 |   1 |   6 |   2 |   5 |   4 |   7 |   4 |   0 |   3 |
1.50 |1.38 |0.22 |1.57 |0.66 |1.17 |0.83 |1.56 |1.50 |1.69 |
   6 |   7 |   1 |   7 |   2 |   3 |   0 |   5 |   4 |   4 |
1.15 |0.31 |1.88 |0.69 |0.29 |0.21 |1.38 |1.36 |0.82 |1.34 |
   2 |   6 |   7 |   0 |   7 |   1 |   5 |   4 |   4 |   3 |
1.57 |0.92 |0.60 |1.67 |0.84 |1.71 |1.71 |1.71 |0.60 |0.60 |
   3 |   0 |   1 |   5 |   2 |   4 |   7 |   4 |   7 |   6 |
1.94 |1.33 |1.66 |0.15 |0.15 |0.57 |1.42 |1.91 |0.82 |1.14 |


