Total timeslots:100
Total Users:20
User Timeslot usage:
[3. 4. 5. 4. 3. 7. 1. 6. 6. 6. 5. 5. 6. 2. 5. 8. 4. 6. 6. 8.]

Scheduling session aggregation:
[[[0.3  1.46 0.95 ... 1.93 0.31 1.87]
  [1.57 0.46 1.06 ... 1.9  1.98 1.25]
  [1.83 1.88 0.88 ... 1.7  0.14 0.47]
  ...
  [1.57 0.88 0.87 ... 1.24 1.42 0.37]
  [1.54 1.65 1.49 ... 0.33 0.97 1.41]
  [0.48 0.11 1.22 ... 0.52 0.22 0.61]]

 [[0.11 1.45 0.84 ... 1.86 1.65 0.67]
  [1.71 1.51 0.28 ... 0.41 0.48 1.15]
  [1.14 0.45 0.18 ... 1.79 1.23 0.17]
  ...
  [1.43 0.54 0.25 ... 1.91 1.04 1.1 ]
  [0.46 1.4  1.56 ... 0.49 0.8  1.91]
  [0.67 0.35 1.65 ... 0.64 0.29 0.52]]

 [[0.74 0.51 0.59 ... 1.38 0.53 1.9 ]
  [1.04 1.2  0.69 ... 1.47 1.96 0.14]
  [0.52 0.13 0.65 ... 0.74 1.8  1.82]
  ...
  [0.95 1.88 1.53 ... 0.56 0.91 0.34]
  [1.17 1.47 1.16 ... 1.75 0.52 0.62]
  [0.24 1.97 0.29 ... 1.87 1.3  1.5 ]]

 ...

 [[1.16 0.66 1.31 ... 1.31 1.72 0.77]
  [1.69 0.27 1.23 ... 0.66 0.58 0.41]
  [1.26 1.81 1.88 ... 0.3  0.48 1.77]
  ...
  [1.51 1.12 1.77 ... 1.8  0.17 0.64]
  [1.75 1.66 1.66 ... 1.63 1.68 1.12]
  [0.99 1.37 1.   ... 0.15 0.62 1.22]]

 [[0.53 0.36 0.83 ... 0.25 1.57 1.41]
  [0.17 0.25 0.65 ... 0.2  0.6  1.66]
  [0.19 0.31 0.33 ... 1.88 0.41 0.52]
  ...
  [0.97 0.96 0.7  ... 0.3  0.6  0.63]
  [1.38 1.73 0.15 ... 0.8  0.31 0.71]
  [1.62 0.62 1.32 ... 1.68 1.5  0.12]]

 [[1.69 1.19 1.39 ... 1.61 0.36 1.66]
  [1.88 0.54 1.42 ... 0.84 1.32 0.77]
  [1.77 1.12 1.01 ... 0.22 1.37 0.84]
  ...
  [1.28 0.29 1.73 ... 0.37 0.55 1.26]
  [0.63 0.19 0.56 ... 1.96 0.62 0.33]
  [0.26 1.55 1.5  ... 0.9  1.04 0.67]]]

Initial Population:
ind0:
   9 |   0 |  13 |   0 |   5 |  10 |   9 |   9 |  14 |   1 |   5 |  12 |  10 |  10 |   2 |  18 |   7 |  14 |  17 |   7 |  13 |  16 |  10 |   6 |  12 |  16 |   4 |   4 |   3 |  17 |  16 |   3 |  17 |  16 |  11 |  14 |  17 |  10 |  12 |   9 |   9 |  15 |   1 |   1 |   7 |   8 |  19 |   5 |   0 |  12 |  19 |   5 |  14 |  12 |   4 |  19 |   2 |  11 |  15 |   5 |  19 |  18 |  17 |   8 |  19 |  12 |  19 |   2 |  19 |   9 |   5 |   1 |   8 |  19 |  11 |   7 |  18 |  17 |   2 |   7 |  18 |  14 |   7 |  11 |   8 |   3 |  18 |   2 |  15 |   5 |  11 |   3 |  15 |   8 |  15 |   8 |  15 |  18 |  15 |  15 |
0.44 |1.46 |0.82 |1.80 |1.78 |1.49 |0.78 |1.68 |0.79 |0.43 |0.64 |1.85 |0.88 |1.25 |1.49 |1.07 |1.44 |1.12 |1.43 |0.39 |1.55 |1.38 |0.43 |0.43 |0.23 |1.84 |1.39 |1.27 |1.80 |1.03 |0.11 |1.80 |1.37 |1.91 |1.62 |0.79 |0.76 |0.49 |1.53 |0.69 |0.93 |0.86 |1.83 |1.54 |1.89 |0.21 |0.80 |0.96 |0.20 |0.36 |1.38 |0.78 |0.27 |0.73 |0.36 |0.21 |1.17 |0.11 |1.47 |1.55 |0.39 |0.86 |1.87 |0.15 |0.62 |1.73 |1.32 |1.58 |0.33 |1.12 |0.45 |0.39 |1.03 |1.00 |1.29 |0.30 |1.70 |0.97 |0.60 |0.73 |1.63 |1.84 |1.26 |1.73 |1.22 |1.53 |1.73 |1.80 |1.64 |1.82 |1.52 |1.55 |0.41 |1.31 |0.12 |1.48 |0.31 |0.33 |0.70 |1.57 |

   1 |  18 |  10 |  16 |  12 |  14 |  17 |   9 |  13 |   5 |   5 |  19 |  18 |  16 |  12 |  19 |   9 |   9 |   4 |   2 |  15 |  11 |   5 |  17 |  16 |   0 |  14 |  15 |  17 |   0 |  19 |   7 |  11 |   2 |   3 |   4 |  17 |   3 |   2 |   7 |   3 |  16 |   9 |  18 |   2 |   3 |   0 |  17 |  12 |  19 |  17 |  19 |   1 |  19 |  10 |   5 |  18 |  10 |   6 |   2 |   4 |  19 |  11 |  14 |  19 |  10 |  15 |  10 |   9 |   9 |   8 |   7 |   7 |   5 |  11 |  12 |  18 |  15 |   7 |   5 |   1 |  15 |  13 |   5 |   8 |   8 |  11 |  12 |  18 |   1 |   8 |   7 |  12 |  15 |  15 |  15 |  14 |   8 |   8 |  14 |
1.71 |1.40 |1.71 |1.87 |1.29 |0.30 |0.75 |1.47 |1.04 |1.53 |1.75 |1.87 |0.74 |1.20 |0.40 |0.21 |0.30 |1.82 |1.22 |0.69 |1.83 |1.07 |1.79 |1.28 |0.52 |0.43 |0.49 |0.25 |0.49 |0.89 |1.52 |0.84 |1.53 |1.18 |0.34 |1.98 |0.74 |1.70 |0.57 |0.25 |1.78 |1.80 |1.21 |0.90 |0.46 |0.76 |1.32 |1.76 |0.97 |0.39 |1.76 |0.15 |1.69 |0.42 |0.19 |1.03 |0.40 |1.72 |0.79 |0.53 |0.43 |0.46 |0.51 |0.69 |1.12 |1.57 |1.62 |0.21 |0.42 |0.64 |0.13 |1.01 |0.57 |1.06 |1.93 |1.53 |1.16 |0.70 |0.31 |1.91 |1.14 |0.54 |1.62 |1.69 |1.03 |0.80 |1.29 |1.85 |0.49 |0.26 |0.43 |0.18 |0.39 |0.23 |1.16 |1.36 |1.71 |1.08 |0.12 |1.61 |

   6 |  15 |  15 |  17 |  10 |   8 |  12 |  19 |   4 |  16 |  17 |   3 |   0 |  11 |  16 |  19 |   3 |  17 |   3 |  17 |   0 |   1 |  17 |  13 |  11 |  14 |  12 |   9 |   0 |  16 |  13 |   7 |   4 |   9 |  18 |  15 |   4 |   5 |  16 |   1 |  18 |   5 |   3 |  18 |  15 |  12 |   1 |   8 |  19 |  17 |  18 |  12 |   9 |   1 |   2 |  15 |  11 |   8 |   7 |  12 |  19 |  12 |   2 |  18 |  18 |  15 |  11 |  15 |  19 |  15 |  11 |   5 |  14 |   8 |   5 |  10 |   7 |   5 |   7 |  14 |   2 |   7 |  19 |   9 |   9 |  19 |   8 |   8 |   2 |  19 |   7 |   5 |   2 |   5 |  14 |   9 |  14 |  10 |  10 |  10 |
1.84 |0.90 |0.38 |0.30 |1.36 |1.98 |0.95 |1.80 |0.40 |1.67 |0.54 |0.78 |1.14 |1.79 |1.23 |1.89 |1.65 |0.16 |1.31 |0.26 |0.54 |1.45 |0.13 |1.88 |0.38 |1.45 |0.74 |1.23 |0.68 |1.92 |1.59 |1.99 |1.03 |1.56 |0.36 |1.11 |0.93 |1.44 |1.06 |0.81 |0.44 |0.74 |1.96 |1.58 |1.44 |1.05 |1.96 |0.90 |0.67 |1.00 |0.52 |1.53 |0.55 |1.59 |0.29 |1.58 |0.15 |0.11 |1.80 |1.08 |1.02 |1.35 |0.39 |0.61 |1.36 |1.86 |0.52 |0.14 |0.17 |0.89 |0.80 |0.39 |0.98 |1.59 |1.56 |1.31 |0.97 |0.96 |0.28 |1.55 |1.30 |1.53 |1.05 |1.45 |0.72 |1.27 |1.54 |0.63 |0.36 |0.70 |0.50 |1.10 |0.27 |1.32 |1.15 |0.16 |0.69 |1.74 |0.19 |0.65 |

   6 |   3 |   5 |   9 |  10 |   4 |  15 |   5 |  19 |  13 |   8 |   1 |   3 |  14 |   8 |   7 |   4 |   2 |  13 |  12 |   5 |  19 |  17 |  17 |  19 |   2 |   1 |  16 |   3 |   7 |   2 |  17 |   4 |   1 |  11 |   7 |   3 |  19 |  14 |   9 |   9 |   7 |  18 |  12 |  15 |  14 |   5 |  12 |  18 |  17 |  14 |   5 |   0 |  15 |   9 |  17 |   2 |  18 |  10 |   9 |   1 |  14 |  17 |  19 |  19 |   0 |  16 |  12 |  19 |  10 |   9 |  19 |   2 |  11 |   7 |  10 |  18 |  16 |  12 |   7 |  16 |  12 |  15 |  10 |  11 |  11 |   8 |  11 |  18 |   0 |   8 |  15 |   5 |  15 |  18 |   8 |   5 |  15 |  15 |   8 |
1.00 |1.60 |0.28 |1.09 |1.27 |1.43 |0.27 |0.44 |0.29 |0.29 |1.93 |1.98 |0.74 |0.18 |0.85 |1.19 |0.73 |0.26 |1.57 |1.77 |1.11 |0.65 |0.14 |0.70 |1.40 |1.65 |0.51 |1.79 |1.07 |0.96 |0.81 |1.26 |1.20 |1.73 |0.44 |1.51 |0.47 |0.49 |0.98 |0.39 |0.67 |1.42 |1.28 |0.93 |1.10 |0.72 |1.59 |0.28 |0.66 |1.52 |1.22 |1.24 |1.27 |0.27 |0.70 |0.91 |1.84 |1.08 |1.02 |0.75 |0.81 |0.72 |0.60 |0.41 |1.02 |0.99 |0.97 |0.19 |1.67 |0.60 |1.93 |0.75 |1.86 |1.73 |1.17 |0.35 |1.67 |0.71 |1.94 |0.86 |1.05 |0.69 |0.81 |0.14 |0.32 |0.56 |1.70 |0.63 |1.37 |1.48 |0.62 |1.21 |1.02 |0.78 |0.19 |1.28 |0.17 |0.91 |1.95 |1.86 |

   3 |  11 |  19 |  14 |  18 |  18 |   5 |  10 |   4 |  17 |   8 |   1 |  17 |  11 |   4 |   1 |   0 |   2 |  11 |  10 |   2 |  15 |  14 |  14 |  18 |   1 |  13 |  14 |  11 |  15 |  14 |   2 |   5 |  13 |  16 |   9 |   8 |  19 |  18 |   4 |   8 |   2 |  10 |   1 |  18 |   5 |   9 |  18 |   5 |   9 |   9 |  19 |  19 |  15 |   8 |   0 |  16 |   9 |   6 |  19 |  15 |   2 |   7 |  15 |  12 |  10 |  11 |   3 |  15 |  19 |  10 |   3 |   0 |   5 |   7 |   8 |   8 |  19 |  19 |  16 |  17 |   7 |  16 |  15 |   3 |  12 |   5 |   7 |   9 |  15 |   7 |   5 |  17 |  17 |   7 |  12 |  12 |  12 |  17 |  12 |
1.91 |0.35 |0.34 |0.59 |1.83 |1.81 |1.72 |1.12 |0.14 |1.85 |0.70 |1.68 |0.61 |1.43 |0.98 |1.22 |1.60 |1.02 |1.48 |0.89 |0.72 |1.82 |1.12 |0.67 |1.85 |0.67 |1.59 |0.89 |0.50 |0.24 |1.69 |1.54 |1.90 |1.87 |1.17 |0.36 |1.77 |0.71 |0.59 |1.82 |1.88 |0.22 |0.29 |0.86 |0.35 |0.18 |0.16 |0.98 |1.53 |0.34 |1.53 |0.17 |1.51 |1.24 |1.81 |1.26 |0.32 |0.33 |0.56 |1.36 |1.16 |0.90 |1.61 |0.89 |0.80 |1.41 |0.38 |1.98 |1.82 |1.91 |0.98 |1.06 |1.25 |1.76 |0.38 |1.12 |1.77 |1.04 |1.81 |0.73 |1.83 |1.46 |1.64 |0.39 |1.80 |1.18 |1.07 |0.22 |0.47 |0.60 |1.57 |1.40 |1.92 |1.92 |0.74 |1.57 |0.48 |0.52 |1.53 |0.21 |

   9 |   7 |  16 |   1 |   2 |  11 |  11 |  18 |  16 |  10 |   3 |   6 |  13 |  15 |  11 |   9 |   9 |  11 |   9 |   4 |   8 |   3 |  15 |  16 |   2 |   8 |  12 |  11 |   9 |  13 |  12 |  15 |  12 |  17 |  10 |  14 |  15 |  19 |  12 |   3 |  10 |   4 |   4 |   7 |   2 |   3 |  14 |  19 |  15 |   8 |   0 |  12 |   0 |  19 |   7 |   9 |   5 |  17 |   5 |   2 |   1 |   0 |  16 |   2 |  14 |   5 |  14 |   8 |  12 |   8 |   8 |  14 |   1 |   7 |   5 |   1 |  10 |  17 |  10 |  17 |  19 |   5 |  18 |   5 |  18 |  17 |   5 |  17 |  19 |  19 |   7 |  19 |  18 |   7 |  15 |  19 |  18 |  15 |  18 |  15 |
0.40 |1.71 |1.91 |0.44 |0.57 |1.03 |0.80 |1.88 |1.93 |0.78 |0.99 |0.76 |0.82 |0.26 |1.95 |1.21 |1.06 |1.46 |0.30 |0.63 |1.87 |0.33 |0.94 |1.02 |1.46 |0.10 |0.48 |0.14 |0.87 |0.86 |1.10 |0.68 |0.96 |1.54 |1.02 |1.85 |0.27 |0.47 |0.14 |0.25 |0.82 |1.44 |1.17 |0.11 |0.56 |0.71 |0.18 |0.76 |1.84 |1.83 |0.29 |0.39 |1.46 |1.66 |0.94 |1.48 |0.73 |0.79 |1.69 |0.32 |1.61 |0.84 |1.69 |0.22 |1.29 |1.28 |0.76 |1.42 |1.76 |1.68 |0.45 |1.61 |1.23 |1.26 |0.61 |0.86 |1.11 |0.20 |1.87 |0.26 |1.58 |0.52 |1.85 |1.82 |0.74 |0.32 |0.12 |1.79 |1.21 |1.97 |1.12 |0.78 |0.47 |1.47 |1.63 |1.71 |1.02 |1.16 |0.73 |1.38 |

  17 |   0 |  14 |   0 |  12 |   8 |  12 |  18 |  14 |   5 |   5 |  15 |   2 |   5 |   1 |  14 |  16 |   1 |   8 |  12 |  10 |  13 |  16 |  18 |  18 |  13 |   0 |  10 |   6 |   7 |  16 |   9 |  18 |   9 |   8 |  11 |   9 |   5 |  12 |   8 |  16 |   9 |  14 |  12 |  17 |  10 |  11 |   7 |  12 |   5 |   5 |  17 |   5 |   1 |   7 |  14 |  15 |   4 |   1 |  15 |  17 |   4 |  18 |   2 |   8 |  10 |  17 |  11 |   2 |  11 |  15 |  18 |   8 |   7 |   9 |  19 |  15 |  10 |   2 |   2 |   7 |   3 |  11 |   4 |  19 |  17 |  19 |   3 |  15 |  15 |   3 |   7 |  15 |  19 |   3 |   9 |  19 |  19 |  19 |  19 |
0.91 |0.76 |1.47 |1.78 |0.30 |0.46 |1.77 |0.76 |0.11 |0.86 |1.82 |1.01 |1.37 |0.32 |0.12 |0.92 |0.39 |1.81 |0.10 |1.60 |0.89 |1.86 |0.20 |1.58 |0.44 |0.36 |1.46 |0.51 |0.58 |0.36 |1.12 |0.48 |0.55 |1.68 |0.52 |1.30 |1.19 |0.12 |0.17 |0.57 |1.14 |0.14 |1.53 |1.61 |1.79 |1.36 |0.19 |0.81 |1.44 |1.21 |0.71 |1.00 |0.39 |0.92 |0.44 |1.36 |1.63 |0.27 |0.20 |0.76 |1.84 |0.21 |0.52 |0.41 |0.47 |1.36 |1.84 |1.00 |1.33 |0.80 |0.13 |0.71 |0.49 |1.61 |1.55 |1.42 |0.29 |0.82 |1.01 |1.29 |1.87 |0.51 |0.45 |1.72 |1.03 |1.99 |1.39 |0.17 |1.00 |0.71 |1.10 |1.83 |1.63 |1.07 |1.93 |1.10 |0.77 |1.27 |1.73 |0.13 |

   9 |  13 |   6 |  13 |  19 |  15 |   5 |   7 |   9 |   2 |   9 |   2 |   8 |   4 |   2 |   0 |   4 |  16 |  16 |   2 |   5 |  10 |   7 |  14 |   1 |   0 |   8 |  10 |   0 |   3 |  15 |  16 |   4 |  17 |   7 |   8 |   3 |   8 |  18 |   7 |   2 |  10 |  18 |  11 |  15 |  18 |  11 |  10 |  19 |   5 |   9 |  16 |  15 |   9 |   5 |  17 |  15 |  12 |  19 |   1 |   1 |  18 |  14 |   8 |  18 |  19 |  15 |  17 |  12 |  15 |   3 |   9 |   5 |   5 |   7 |   1 |  10 |  12 |  11 |  11 |  18 |  17 |   7 |   8 |   5 |  14 |  17 |  14 |  11 |  17 |  19 |  12 |  12 |   3 |  19 |  14 |  15 |  19 |  19 |  12 |
0.60 |1.40 |0.15 |1.55 |1.74 |0.23 |0.96 |1.66 |0.84 |0.99 |0.21 |1.04 |1.77 |1.88 |1.19 |1.34 |0.96 |1.69 |0.92 |0.61 |0.21 |1.56 |0.15 |0.96 |0.90 |0.83 |1.82 |0.33 |0.97 |1.04 |1.59 |0.58 |0.23 |0.80 |1.20 |1.77 |1.90 |1.67 |0.88 |1.36 |1.34 |1.74 |0.42 |0.95 |1.80 |1.82 |1.69 |1.64 |1.49 |1.08 |1.94 |0.59 |0.30 |0.92 |0.48 |1.84 |0.81 |1.00 |0.45 |0.86 |0.86 |1.02 |1.79 |1.61 |1.25 |1.51 |1.85 |1.19 |1.16 |0.86 |1.60 |1.36 |1.54 |1.09 |1.36 |0.34 |0.85 |1.38 |1.74 |0.22 |1.89 |0.22 |1.87 |1.39 |1.86 |0.77 |0.92 |1.96 |0.54 |0.99 |1.94 |0.40 |0.11 |1.57 |0.29 |0.91 |1.70 |0.15 |0.62 |1.13 |

   4 |   1 |  19 |   6 |   0 |   8 |   7 |   2 |   1 |   5 |   1 |   8 |  16 |   9 |  16 |  10 |   4 |   3 |  18 |   9 |   3 |  13 |   1 |  11 |  13 |  12 |   2 |   2 |   9 |  10 |   3 |   4 |   5 |   3 |  12 |  17 |  14 |  15 |   7 |  14 |  11 |  11 |   8 |  19 |  15 |  12 |  11 |  10 |  12 |  16 |  17 |  12 |   8 |   9 |  10 |   5 |  14 |   7 |   5 |  12 |   7 |   5 |  18 |  18 |  15 |  16 |   8 |  17 |  18 |  11 |  15 |  10 |   7 |   0 |  19 |  14 |  17 |  15 |  14 |   9 |  18 |   2 |   9 |   2 |   0 |   7 |   5 |   5 |  18 |   8 |  19 |  15 |  17 |  15 |  15 |  19 |  19 |  17 |  19 |  19 |
1.14 |0.25 |1.32 |0.40 |1.73 |1.57 |1.68 |0.13 |1.38 |0.20 |0.11 |0.81 |0.32 |0.63 |0.14 |0.26 |0.76 |1.25 |0.87 |0.82 |0.38 |0.14 |0.85 |0.70 |0.91 |0.34 |0.69 |0.61 |0.51 |1.46 |1.90 |1.99 |1.77 |1.62 |1.56 |0.92 |1.89 |1.47 |1.30 |1.51 |0.53 |0.49 |1.28 |0.33 |0.53 |0.96 |0.85 |1.34 |1.99 |1.28 |1.16 |0.69 |0.13 |1.12 |0.16 |1.64 |1.53 |1.62 |0.53 |1.53 |1.86 |1.89 |1.55 |1.40 |1.95 |0.72 |1.59 |1.46 |0.15 |0.40 |0.88 |1.95 |1.54 |0.97 |0.63 |1.74 |1.85 |1.39 |1.60 |0.18 |2.00 |1.74 |0.11 |1.79 |0.44 |0.96 |1.59 |0.24 |0.24 |0.25 |1.37 |1.79 |1.41 |1.24 |0.17 |0.15 |1.99 |0.30 |1.50 |0.12 |

   5 |   5 |  11 |   7 |  18 |  13 |   3 |   7 |   6 |   0 |  11 |   4 |  10 |   7 |   4 |  18 |  15 |   8 |   7 |  17 |   2 |   7 |  11 |   8 |  12 |   9 |  15 |  10 |   5 |  13 |  17 |   2 |  14 |   3 |  12 |   4 |   2 |  18 |  17 |  17 |  10 |  11 |  17 |   8 |  15 |  11 |   2 |   0 |  18 |  19 |  15 |  17 |   0 |  18 |   8 |   7 |  14 |  16 |  14 |  10 |   8 |   1 |   9 |  15 |  18 |  12 |   8 |  15 |   5 |  19 |   2 |   1 |  16 |   3 |  14 |  12 |   1 |  19 |   9 |  10 |  14 |  16 |   9 |   9 |   3 |  19 |   5 |   5 |   9 |  19 |  19 |   1 |  15 |  16 |  19 |  15 |  19 |   5 |  12 |  12 |
0.54 |1.59 |0.71 |0.89 |1.46 |0.46 |0.95 |0.84 |0.16 |1.90 |0.79 |1.23 |0.43 |0.36 |0.19 |1.97 |0.60 |1.84 |1.50 |0.33 |0.89 |1.99 |0.43 |1.21 |0.48 |0.97 |1.83 |1.78 |0.74 |1.77 |1.16 |0.31 |0.53 |0.34 |0.49 |1.22 |1.37 |1.48 |0.18 |0.21 |0.27 |0.85 |0.47 |1.02 |1.28 |0.64 |1.07 |1.77 |1.56 |1.81 |1.23 |1.86 |1.96 |1.84 |0.82 |1.72 |0.15 |1.01 |1.80 |1.64 |1.60 |1.91 |1.31 |0.45 |1.32 |0.17 |1.70 |1.74 |1.59 |0.64 |1.65 |1.14 |1.22 |1.46 |1.11 |0.73 |0.98 |1.97 |0.87 |1.68 |1.96 |1.10 |1.78 |0.48 |1.39 |0.84 |0.82 |0.85 |1.83 |1.10 |0.25 |1.84 |0.40 |0.16 |0.39 |0.14 |0.91 |1.62 |0.78 |0.61 |


ind1:
  17 |   1 |   2 |  13 |   8 |   2 |  14 |   2 |   3 |   7 |  12 |   6 |   7 |   1 |  16 |  10 |  12 |  16 |  18 |  19 |   0 |   0 |  17 |   9 |  11 |   1 |  14 |  13 |  17 |   0 |  15 |  16 |  19 |   8 |  11 |  16 |   1 |   3 |   3 |   9 |  10 |  11 |   7 |  18 |   2 |   8 |  17 |   9 |   7 |  10 |  10 |   3 |  19 |  10 |   2 |  12 |   5 |  18 |  15 |  17 |   7 |  11 |   4 |   7 |  15 |  14 |  18 |  19 |   5 |   5 |   8 |   9 |  14 |   8 |  17 |   4 |   5 |  18 |  11 |   8 |  15 |  15 |   4 |  14 |   9 |  12 |   9 |  18 |  19 |  19 |  19 |  15 |  19 |  15 |  15 |   5 |   5 |  12 |   5 |  12 |
1.57 |0.46 |0.88 |1.44 |1.28 |1.05 |1.15 |0.55 |0.26 |0.94 |0.70 |1.00 |1.24 |0.40 |0.75 |1.34 |0.77 |0.36 |0.61 |0.87 |0.32 |0.14 |0.76 |0.88 |0.79 |1.18 |1.41 |0.45 |1.90 |1.27 |0.77 |0.89 |0.24 |1.63 |1.62 |0.99 |0.74 |1.40 |0.96 |0.69 |1.85 |0.21 |0.20 |1.21 |1.82 |0.21 |0.73 |1.98 |1.14 |1.51 |0.64 |1.24 |0.10 |1.53 |0.46 |0.71 |1.27 |0.87 |1.47 |1.49 |1.71 |0.56 |1.13 |1.82 |0.91 |0.37 |0.71 |0.18 |1.95 |1.01 |0.69 |0.77 |0.19 |0.86 |0.64 |1.47 |0.34 |1.99 |0.56 |0.42 |0.76 |1.52 |0.47 |0.10 |1.95 |1.84 |0.81 |1.43 |1.71 |1.40 |1.36 |0.60 |1.84 |0.27 |0.12 |0.95 |0.39 |1.55 |0.90 |1.04 |

  18 |   0 |   6 |  19 |   1 |   4 |  10 |   5 |  12 |   8 |   9 |  16 |   7 |   8 |  15 |  13 |  16 |  12 |   5 |  17 |  19 |   5 |   2 |  12 |   1 |  10 |  11 |  13 |   3 |  12 |   7 |   4 |   1 |  11 |  16 |  19 |   5 |  12 |  17 |  18 |   1 |   0 |   3 |   7 |  11 |  11 |  11 |   5 |  16 |  18 |  14 |  10 |  17 |   2 |   5 |   0 |   7 |  14 |  18 |   2 |   7 |   7 |  12 |  14 |   9 |  19 |  14 |  17 |   8 |   9 |   2 |  15 |  15 |   8 |  15 |  15 |  19 |  14 |  15 |  19 |  15 |  17 |  17 |   3 |   4 |   3 |   5 |   8 |  18 |  15 |  18 |   9 |  10 |   2 |   9 |  19 |  19 |   9 |   8 |  10 |
0.46 |1.45 |1.50 |1.70 |0.52 |1.03 |1.02 |1.10 |0.63 |0.68 |1.22 |1.07 |1.58 |0.77 |1.87 |0.91 |0.77 |0.28 |1.57 |1.28 |0.56 |0.94 |0.44 |1.83 |0.62 |0.44 |1.56 |0.40 |1.19 |1.49 |1.01 |0.15 |1.53 |0.54 |0.61 |1.71 |0.38 |1.62 |1.12 |1.84 |0.77 |0.35 |0.79 |1.79 |1.21 |0.85 |1.08 |0.67 |1.85 |0.63 |0.93 |0.81 |1.00 |1.64 |0.15 |0.31 |1.83 |0.83 |0.78 |0.53 |1.95 |1.24 |0.84 |0.69 |0.80 |0.41 |1.14 |0.74 |1.61 |0.64 |0.65 |1.66 |1.68 |0.88 |0.78 |1.13 |0.68 |1.71 |0.94 |0.29 |1.67 |0.26 |0.90 |0.85 |1.75 |0.10 |1.08 |0.19 |0.49 |0.69 |0.87 |0.97 |1.11 |0.96 |1.32 |0.18 |1.83 |0.48 |0.12 |0.26 |

  14 |  10 |   3 |   3 |  11 |   1 |   8 |  12 |   3 |  19 |   2 |   8 |  10 |   8 |  12 |   6 |  16 |   3 |  15 |   2 |   4 |   0 |   5 |   9 |   2 |  16 |  12 |   8 |  14 |   0 |   2 |  18 |   4 |   7 |   4 |   9 |  12 |  10 |   7 |   8 |  11 |  17 |   5 |  14 |   1 |  19 |   8 |  10 |  16 |  17 |   7 |  18 |  12 |  13 |  16 |  18 |  11 |  15 |   0 |   5 |  18 |   5 |  10 |   5 |   9 |  17 |  18 |  12 |   5 |  14 |   2 |   1 |  13 |  11 |   5 |  15 |  11 |  14 |   7 |  18 |   7 |   1 |   7 |  17 |  15 |  19 |   9 |  15 |  17 |  15 |  17 |  15 |   9 |  15 |  19 |  19 |   9 |  19 |  19 |  19 |
0.60 |0.24 |0.44 |0.18 |1.18 |0.64 |0.55 |1.17 |1.16 |0.68 |0.50 |1.81 |0.14 |1.29 |1.38 |0.27 |1.28 |0.92 |0.90 |0.26 |0.53 |1.02 |0.22 |1.11 |1.00 |0.51 |0.74 |0.71 |1.50 |0.13 |0.24 |0.42 |1.03 |0.78 |1.00 |0.83 |1.88 |0.60 |0.22 |0.14 |0.97 |1.26 |1.29 |0.14 |1.65 |1.44 |0.88 |1.07 |2.00 |1.00 |1.95 |0.39 |1.57 |0.82 |0.92 |0.80 |0.15 |1.12 |1.69 |0.31 |1.84 |0.27 |0.73 |0.20 |0.30 |0.86 |1.13 |1.40 |0.32 |1.74 |0.70 |0.81 |1.66 |0.52 |1.56 |0.60 |1.00 |0.64 |0.28 |1.84 |1.47 |0.12 |1.30 |0.25 |0.57 |1.27 |0.78 |0.60 |0.26 |1.04 |0.70 |0.59 |1.29 |0.79 |1.23 |1.02 |0.68 |1.87 |1.30 |1.50 |

  17 |   8 |   3 |  18 |  14 |   6 |  14 |  13 |  11 |   2 |   5 |  14 |  17 |  18 |   3 |   0 |  18 |  17 |   3 |  14 |  18 |  17 |   4 |  13 |   7 |   1 |  16 |   8 |   1 |  11 |  15 |  19 |  16 |   1 |   3 |  11 |   0 |  11 |   1 |  17 |   9 |   9 |  19 |  18 |  18 |   9 |   7 |   0 |   7 |  11 |   5 |  12 |   7 |   7 |  17 |   9 |  15 |   8 |   5 |   9 |   2 |   9 |  19 |   5 |   7 |  12 |  10 |  12 |  14 |   2 |   5 |  12 |   4 |   5 |   5 |  12 |  16 |   4 |  19 |  12 |   2 |  10 |   8 |  10 |  16 |   2 |  19 |   8 |   8 |  19 |  15 |  15 |  15 |  10 |  19 |  15 |  19 |  10 |  15 |  15 |
0.23 |0.91 |1.96 |0.34 |1.02 |1.95 |0.32 |0.25 |0.60 |0.54 |0.76 |1.53 |0.34 |0.53 |1.66 |0.65 |0.66 |0.29 |0.90 |0.53 |1.50 |1.89 |0.79 |1.63 |1.01 |1.74 |0.39 |1.00 |1.47 |1.55 |1.50 |1.99 |1.66 |1.73 |1.02 |1.23 |1.62 |1.92 |1.33 |1.78 |0.67 |1.37 |1.44 |1.05 |0.28 |0.20 |0.88 |0.71 |0.99 |1.03 |0.43 |1.36 |0.45 |1.17 |0.89 |1.89 |1.46 |0.39 |0.56 |0.75 |0.23 |0.34 |1.92 |1.14 |1.57 |0.27 |1.97 |0.19 |0.47 |1.71 |1.31 |1.07 |1.31 |0.88 |1.53 |1.17 |1.44 |1.44 |1.27 |0.60 |0.85 |1.85 |0.90 |0.14 |0.97 |0.89 |1.94 |0.15 |1.42 |0.38 |1.61 |1.21 |0.98 |1.33 |1.28 |0.94 |1.98 |1.72 |1.95 |0.42 |

  11 |  18 |  17 |  19 |  15 |  13 |   5 |  13 |  19 |   2 |  19 |  15 |   2 |  16 |   9 |   4 |  12 |  14 |  15 |  19 |   6 |  12 |  18 |  15 |   8 |   7 |   8 |   4 |   2 |   7 |  10 |   1 |   0 |   1 |  16 |  10 |  15 |   3 |  18 |  18 |  11 |   2 |   3 |  17 |   2 |  11 |   3 |   5 |   5 |  15 |   5 |  12 |  18 |  17 |  14 |  12 |   4 |   7 |  16 |   0 |   7 |  10 |  10 |  14 |  16 |  19 |  10 |  18 |  11 |   0 |  14 |   7 |  11 |   1 |  14 |  15 |  15 |   5 |   1 |   3 |  19 |   7 |   9 |  12 |  17 |   8 |   5 |   8 |   8 |  17 |   8 |  12 |   5 |  17 |  19 |   9 |   9 |   9 |  19 |   9 |
1.94 |0.66 |1.84 |0.84 |1.38 |1.25 |1.72 |1.61 |1.34 |1.02 |1.85 |0.41 |1.74 |1.84 |0.63 |0.12 |1.14 |0.95 |0.58 |0.99 |1.58 |1.38 |0.86 |1.34 |1.56 |1.02 |1.60 |0.65 |1.78 |0.61 |0.98 |0.92 |0.91 |0.15 |1.17 |0.99 |1.09 |0.80 |0.59 |1.26 |0.76 |0.22 |0.43 |1.24 |1.05 |0.27 |0.26 |1.55 |1.53 |0.26 |1.08 |1.53 |0.37 |0.39 |1.18 |1.31 |0.24 |0.73 |0.90 |1.36 |0.40 |0.61 |0.52 |1.90 |1.32 |0.35 |0.27 |0.53 |0.58 |1.38 |1.80 |1.19 |0.26 |1.09 |1.52 |1.75 |1.91 |0.24 |0.31 |1.30 |1.39 |1.46 |0.31 |0.56 |1.58 |0.99 |1.07 |1.28 |1.92 |1.94 |0.15 |1.83 |1.48 |1.92 |1.28 |0.16 |0.34 |1.71 |0.78 |1.41 |

  12 |   5 |   8 |  11 |  16 |  15 |   7 |  11 |   6 |  13 |   1 |   8 |  19 |  13 |   8 |  19 |  11 |   1 |  17 |  15 |   4 |   2 |  18 |   3 |   0 |  19 |  17 |   7 |   9 |  12 |  18 |  18 |  16 |   1 |  18 |  15 |  15 |   2 |   2 |   5 |  14 |  11 |   3 |   0 |  15 |  18 |  14 |  12 |   1 |   4 |   5 |  12 |   9 |   0 |  17 |  11 |  10 |  16 |  18 |   5 |  16 |   8 |  14 |   2 |  12 |  10 |  12 |  15 |   5 |  17 |  10 |   7 |  14 |   7 |   4 |  19 |   8 |   7 |   8 |   7 |  19 |  10 |   3 |   9 |  14 |   2 |  17 |   3 |  19 |   5 |  10 |  15 |  19 |  17 |   9 |   5 |  19 |   9 |   9 |  15 |
0.33 |1.34 |1.14 |0.47 |0.58 |0.23 |0.93 |1.73 |1.80 |0.93 |1.08 |0.96 |0.79 |0.60 |1.66 |1.03 |0.68 |1.92 |0.35 |1.34 |1.54 |0.22 |0.40 |0.46 |0.57 |0.35 |1.03 |1.31 |0.87 |1.61 |1.37 |0.36 |0.39 |0.97 |1.45 |1.48 |0.27 |1.69 |1.94 |0.36 |1.95 |1.73 |1.21 |1.34 |1.28 |1.86 |0.18 |1.06 |1.45 |1.42 |1.16 |0.39 |0.22 |1.87 |0.59 |1.14 |1.26 |1.99 |0.44 |0.39 |1.54 |1.66 |0.70 |0.22 |0.37 |0.17 |0.19 |0.83 |0.13 |0.69 |0.60 |1.42 |1.80 |1.26 |0.96 |1.26 |0.86 |0.12 |1.15 |0.46 |1.58 |1.43 |1.64 |1.77 |0.94 |1.72 |1.43 |1.78 |1.21 |0.76 |0.29 |1.97 |1.84 |0.36 |1.76 |0.85 |0.41 |1.38 |1.27 |1.38 |

  18 |  15 |  16 |   0 |  11 |   0 |   8 |   0 |   7 |   8 |  11 |   5 |   5 |   9 |  19 |   8 |  11 |   3 |   4 |  16 |  14 |  17 |   7 |  19 |   5 |   2 |  11 |   8 |  11 |   2 |   6 |  18 |  10 |   3 |  13 |   1 |  19 |   5 |  13 |  10 |   5 |   4 |   3 |   5 |   4 |  14 |  12 |  12 |  16 |  14 |  14 |  12 |  19 |  15 |   2 |  18 |   5 |  14 |  17 |   3 |   1 |   9 |  17 |   7 |   9 |  17 |  12 |   1 |  19 |   1 |  15 |   2 |  19 |   8 |  12 |  18 |  16 |  15 |  10 |   7 |  18 |  10 |  19 |  15 |   7 |  12 |  15 |  10 |  19 |  18 |   9 |   2 |   7 |  17 |  15 |  15 |   8 |   9 |   9 |  17 |
0.57 |0.13 |0.44 |1.78 |1.95 |1.89 |1.06 |1.51 |1.86 |0.59 |1.14 |0.56 |0.29 |1.01 |0.67 |1.27 |0.56 |0.96 |0.15 |1.16 |0.66 |0.15 |1.58 |1.66 |1.56 |1.20 |0.44 |0.75 |0.81 |1.17 |1.86 |1.00 |1.93 |0.50 |0.16 |1.59 |1.34 |0.12 |1.00 |0.87 |0.96 |0.28 |0.42 |1.67 |0.74 |0.75 |0.48 |0.43 |1.70 |0.76 |1.21 |1.12 |0.90 |0.88 |1.97 |0.40 |1.38 |1.35 |0.72 |0.14 |1.54 |1.01 |1.59 |1.15 |0.97 |1.88 |1.20 |0.80 |0.29 |0.38 |0.13 |0.35 |1.54 |0.96 |1.20 |0.56 |1.44 |1.16 |0.77 |0.66 |0.26 |0.58 |0.91 |1.79 |1.34 |0.44 |1.13 |0.85 |0.13 |0.74 |1.33 |0.49 |1.72 |1.56 |1.75 |0.45 |1.17 |1.90 |1.57 |0.32 |

   9 |   3 |   3 |   5 |  18 |  13 |  12 |   4 |  18 |   5 |   2 |  16 |  15 |  16 |   2 |   0 |   1 |   4 |   6 |  12 |  11 |  16 |  12 |   3 |  12 |  14 |  13 |   9 |   1 |  18 |   3 |  17 |   8 |   8 |  14 |   8 |   0 |  17 |  18 |  11 |  18 |   1 |   8 |  18 |  19 |  16 |  11 |   8 |   2 |  10 |   9 |   0 |  14 |   7 |  11 |  10 |  10 |   2 |   4 |  10 |   2 |  10 |  12 |  17 |   7 |  14 |  17 |  17 |  12 |  14 |   5 |  17 |  19 |   1 |  11 |  19 |   8 |  19 |   9 |  15 |   7 |   5 |   9 |  15 |   5 |   7 |   5 |  19 |   9 |   7 |  19 |  19 |   7 |   5 |  15 |  19 |  15 |  15 |  15 |  15 |
0.60 |0.58 |1.33 |1.75 |1.15 |0.38 |0.39 |0.48 |0.21 |1.77 |0.17 |0.12 |1.68 |0.13 |1.19 |1.34 |0.49 |1.01 |1.09 |1.53 |0.20 |0.49 |0.31 |0.89 |1.35 |1.78 |0.66 |0.76 |1.28 |0.15 |0.32 |0.59 |1.96 |0.57 |0.26 |1.77 |1.71 |0.32 |0.88 |1.26 |0.20 |1.17 |0.54 |1.36 |1.81 |1.09 |1.69 |1.18 |0.95 |0.47 |1.94 |0.95 |1.07 |0.26 |1.63 |0.12 |1.79 |1.65 |1.73 |0.29 |0.92 |0.54 |1.91 |0.51 |0.86 |0.64 |0.88 |1.19 |1.16 |1.38 |0.80 |1.09 |0.91 |1.34 |1.54 |0.12 |0.39 |0.54 |0.74 |1.44 |1.38 |1.38 |1.99 |0.99 |1.86 |1.34 |0.37 |1.34 |1.68 |1.11 |1.94 |0.13 |1.15 |1.24 |1.73 |1.85 |1.70 |0.59 |1.88 |0.14 |

   2 |   3 |  14 |  16 |  13 |   0 |  15 |  11 |  10 |  19 |  11 |   4 |  11 |   3 |  14 |  17 |  19 |   0 |   1 |   6 |   8 |  10 |   0 |   2 |   4 |   3 |  19 |  18 |   4 |  14 |  15 |  17 |  17 |   5 |  16 |   9 |  10 |  10 |  13 |   3 |  14 |  19 |  11 |  12 |   1 |   9 |  14 |   7 |   7 |   8 |  10 |  17 |   5 |  12 |  12 |  18 |   9 |   9 |  12 |  17 |   8 |   5 |   5 |  17 |  18 |   5 |  16 |   5 |   2 |  16 |  15 |   7 |  18 |   2 |   8 |   9 |  11 |   7 |   5 |  18 |  18 |   7 |  12 |   1 |   1 |   7 |  15 |  15 |   2 |  12 |  15 |  15 |  15 |   8 |  19 |   8 |   9 |  19 |  19 |  19 |
0.19 |1.85 |1.76 |1.76 |1.41 |1.77 |0.46 |1.85 |0.73 |0.64 |0.86 |0.26 |0.71 |1.02 |1.35 |0.21 |1.36 |1.27 |0.74 |1.19 |1.71 |0.30 |0.75 |0.23 |1.93 |1.47 |1.02 |0.70 |0.63 |1.74 |0.65 |1.33 |0.92 |0.54 |1.16 |0.93 |0.49 |0.41 |1.01 |0.39 |1.31 |1.00 |0.89 |1.80 |0.59 |0.89 |1.21 |1.01 |1.69 |1.56 |1.70 |0.91 |0.97 |1.21 |1.13 |1.33 |0.57 |1.88 |0.23 |0.71 |1.94 |1.89 |0.90 |0.17 |0.51 |0.36 |0.32 |0.59 |0.75 |1.05 |0.88 |0.34 |1.78 |0.69 |1.55 |1.71 |1.19 |0.47 |1.98 |0.43 |2.00 |1.39 |0.19 |1.84 |0.63 |0.96 |1.68 |0.47 |1.88 |1.83 |1.67 |1.79 |1.21 |1.19 |1.06 |1.39 |0.55 |1.68 |1.50 |0.12 |

   2 |   3 |   4 |   0 |   0 |   4 |  15 |   3 |  17 |  12 |   2 |  19 |   8 |  10 |  13 |   6 |  10 |   2 |   8 |  11 |  12 |   4 |  12 |   7 |  17 |   9 |  17 |  17 |  12 |  11 |  15 |   9 |   0 |  14 |  17 |  14 |  13 |   7 |  14 |  11 |   9 |   5 |  11 |  18 |   8 |   5 |  17 |   3 |   3 |  10 |   1 |  11 |   9 |  18 |   9 |  10 |  18 |  12 |  19 |   2 |  18 |  19 |   8 |  10 |  14 |   8 |   9 |   1 |   2 |  19 |   7 |  12 |  19 |  15 |  15 |   1 |  15 |   5 |  16 |   8 |  14 |  18 |   5 |  19 |  19 |   7 |  15 |  18 |   7 |   5 |   7 |   1 |  19 |  16 |  15 |  15 |   5 |  16 |  16 |   5 |
1.77 |0.28 |0.84 |0.20 |1.89 |1.81 |0.35 |0.33 |0.61 |0.51 |0.37 |1.98 |1.72 |0.72 |1.57 |1.31 |0.75 |1.83 |1.63 |0.34 |0.90 |0.81 |1.31 |1.40 |1.77 |0.97 |1.00 |1.48 |0.93 |1.30 |1.22 |1.51 |0.37 |1.38 |0.36 |0.67 |1.90 |1.09 |0.41 |1.19 |1.93 |1.50 |1.28 |1.23 |0.54 |1.74 |0.79 |0.35 |1.76 |0.81 |1.10 |1.21 |1.77 |1.84 |0.99 |0.19 |1.76 |1.40 |0.69 |0.66 |1.28 |1.99 |1.31 |1.87 |0.75 |1.30 |0.41 |0.96 |1.24 |0.64 |1.51 |1.76 |1.03 |0.57 |1.76 |0.55 |0.49 |1.51 |1.51 |1.06 |1.96 |1.94 |0.70 |0.28 |0.90 |1.04 |1.29 |1.40 |1.96 |0.95 |0.55 |1.84 |1.27 |0.16 |1.06 |0.14 |0.84 |1.95 |0.87 |1.57 |


ind2:
  15 |   1 |  11 |  12 |  19 |   7 |   3 |  16 |  12 |   8 |  15 |   2 |  14 |   3 |  17 |  16 |  12 |  10 |   2 |   6 |   0 |  11 |   5 |  15 |  17 |  17 |  10 |  19 |   7 |  19 |   4 |  15 |   9 |   5 |   4 |   3 |  16 |  18 |   0 |  19 |  14 |   2 |   7 |   3 |  14 |  17 |   2 |   5 |   8 |   2 |   1 |  10 |   5 |  10 |   4 |  11 |  13 |   5 |   5 |   5 |  15 |   7 |  17 |  12 |  17 |  13 |  15 |  12 |  19 |  14 |  11 |   0 |   9 |  12 |  18 |  10 |  11 |   7 |  14 |   8 |  15 |   8 |  15 |  19 |   1 |   8 |   1 |   7 |  16 |  18 |  19 |  19 |   9 |  18 |   9 |   8 |  18 |   9 |  18 |   9 |
0.57 |0.46 |1.81 |0.63 |0.19 |1.95 |1.45 |0.75 |1.40 |1.69 |0.63 |0.11 |1.69 |0.36 |0.48 |1.00 |0.77 |1.21 |0.12 |0.13 |0.32 |0.44 |1.50 |1.30 |1.54 |0.55 |1.91 |0.22 |0.92 |1.31 |1.87 |1.71 |1.14 |2.00 |1.54 |1.95 |0.86 |1.20 |0.95 |0.47 |1.48 |1.90 |0.20 |1.08 |1.55 |0.83 |1.61 |0.96 |0.25 |0.57 |1.13 |0.74 |0.28 |1.53 |0.36 |1.21 |0.33 |0.44 |0.58 |1.55 |0.50 |0.31 |1.87 |0.78 |0.92 |1.59 |1.77 |0.97 |0.33 |0.93 |0.39 |0.56 |0.73 |1.09 |1.18 |0.16 |2.00 |1.25 |1.85 |0.42 |0.76 |0.72 |0.48 |1.61 |0.86 |1.27 |0.33 |1.07 |0.46 |0.20 |1.36 |1.69 |0.30 |0.79 |0.31 |1.48 |1.19 |0.88 |0.97 |0.97 |

   1 |  18 |  19 |   5 |   9 |  16 |  13 |  15 |  12 |   9 |   1 |   4 |   6 |   7 |  13 |   5 |  11 |  19 |  11 |   2 |   9 |  10 |   8 |  17 |  19 |   9 |  18 |   1 |  10 |   4 |  12 |  14 |   1 |   7 |  11 |  15 |  18 |   4 |   0 |   8 |   0 |  12 |  10 |   5 |  17 |  10 |   9 |   3 |  12 |  15 |   8 |  19 |   9 |   2 |  10 |  15 |  16 |  14 |  18 |  14 |   5 |  17 |  12 |  14 |  17 |  14 |   7 |  15 |  12 |   8 |   3 |  17 |  19 |   0 |   3 |   2 |   7 |  18 |   2 |   2 |  15 |  17 |  18 |   7 |   5 |   8 |  19 |   3 |  11 |   8 |   7 |  16 |   5 |  11 |  15 |  16 |   5 |  15 |  19 |  19 |
1.71 |1.40 |1.65 |1.14 |0.37 |1.93 |0.20 |1.28 |0.63 |1.10 |0.21 |1.81 |0.64 |0.45 |0.14 |0.63 |1.69 |0.85 |1.54 |0.69 |1.91 |1.84 |1.30 |1.28 |1.06 |0.71 |0.35 |1.91 |1.00 |1.20 |0.44 |1.54 |1.53 |0.58 |0.85 |1.82 |1.51 |1.68 |1.90 |1.51 |0.77 |0.59 |1.04 |1.24 |1.09 |0.74 |1.86 |0.83 |0.97 |1.22 |0.91 |0.15 |0.17 |1.64 |0.19 |0.25 |1.79 |0.83 |0.78 |1.64 |1.63 |0.20 |0.84 |0.69 |1.54 |0.40 |0.32 |0.46 |1.00 |1.15 |0.80 |1.88 |0.28 |1.10 |0.22 |0.74 |1.33 |0.30 |1.20 |0.40 |1.67 |0.26 |1.10 |1.05 |0.40 |0.80 |0.72 |1.64 |0.17 |1.71 |0.26 |0.59 |1.87 |1.95 |1.16 |0.36 |1.23 |1.06 |0.29 |0.52 |

   1 |  18 |  16 |   1 |  10 |  13 |  13 |   1 |  14 |   3 |  10 |  16 |   6 |   8 |   5 |  19 |   8 |  11 |   1 |   5 |  11 |  16 |  12 |  12 |  12 |  16 |   7 |   9 |  11 |   8 |  12 |   4 |  12 |  11 |   0 |  18 |   7 |   5 |   0 |   5 |   8 |   7 |   9 |   8 |  17 |   5 |   8 |  15 |   3 |   4 |  11 |   0 |  15 |   4 |   5 |  19 |   9 |  19 |   2 |  19 |   9 |   9 |  10 |   2 |  10 |  19 |   3 |  14 |   2 |   9 |   3 |   5 |  19 |  10 |  18 |  18 |  18 |  19 |   7 |  12 |   2 |   2 |  15 |  14 |  14 |  15 |  19 |  14 |  17 |   7 |  15 |  15 |   7 |  18 |  15 |  15 |  17 |  17 |  17 |  17 |
1.04 |1.47 |0.69 |1.89 |1.36 |0.77 |0.24 |1.28 |1.39 |0.30 |0.24 |1.00 |0.44 |1.29 |0.34 |1.89 |1.89 |1.49 |1.50 |0.44 |1.55 |0.69 |1.60 |1.54 |0.40 |0.51 |0.96 |1.23 |1.12 |0.16 |0.67 |1.47 |1.15 |1.69 |0.88 |1.77 |0.96 |1.44 |1.81 |0.27 |0.68 |1.70 |1.66 |0.21 |0.76 |1.64 |0.88 |0.39 |1.49 |0.50 |1.28 |1.61 |1.90 |0.79 |0.38 |0.49 |0.14 |0.95 |1.77 |1.33 |1.73 |0.43 |0.73 |1.87 |1.26 |0.97 |0.12 |1.48 |1.60 |0.27 |1.50 |0.39 |0.84 |1.49 |1.30 |0.57 |0.54 |1.52 |0.28 |0.91 |1.30 |1.75 |0.13 |1.88 |1.34 |0.51 |0.97 |0.99 |0.26 |1.41 |1.42 |0.59 |0.30 |1.19 |1.32 |1.36 |0.92 |0.56 |0.91 |0.34 |

  11 |  10 |   1 |   4 |   0 |   0 |   2 |   3 |   2 |  16 |  12 |  16 |  13 |  11 |   2 |   9 |  18 |  10 |   6 |  17 |   5 |   7 |  11 |  15 |   4 |   5 |  15 |   8 |   2 |   4 |  18 |  13 |   9 |  15 |  12 |   9 |  18 |   7 |  16 |   9 |   2 |  16 |  15 |  12 |   9 |  18 |  11 |  12 |  14 |   9 |  12 |   7 |  10 |  12 |   0 |   8 |   8 |   5 |  15 |   3 |   8 |   3 |  18 |  19 |  18 |  11 |   1 |   8 |   3 |  15 |   7 |   8 |   5 |   1 |   1 |  15 |  19 |  15 |  14 |  17 |  19 |  14 |   7 |   7 |   5 |  19 |  17 |  17 |  19 |  14 |  17 |   5 |   5 |  10 |  17 |  10 |  19 |  19 |  14 |  19 |
1.93 |0.57 |0.93 |0.52 |1.57 |1.52 |1.03 |1.90 |0.50 |1.27 |0.71 |0.34 |0.76 |0.36 |0.77 |1.31 |0.66 |0.67 |0.65 |1.93 |1.11 |0.87 |1.82 |1.44 |1.51 |1.41 |1.18 |1.00 |0.21 |0.55 |1.06 |1.66 |0.65 |1.21 |1.15 |0.13 |0.42 |1.49 |1.02 |0.39 |1.13 |0.26 |0.82 |0.93 |0.67 |0.49 |1.22 |0.28 |1.59 |1.26 |0.79 |1.04 |0.23 |1.43 |1.19 |1.29 |0.47 |0.67 |1.48 |1.51 |1.27 |0.40 |0.40 |0.41 |0.37 |0.52 |0.51 |0.68 |0.80 |0.78 |0.11 |0.83 |0.14 |0.80 |0.68 |0.19 |1.58 |0.12 |0.59 |0.55 |0.61 |1.24 |0.25 |0.43 |0.39 |0.87 |0.81 |1.80 |1.50 |1.43 |0.43 |1.75 |1.02 |1.33 |0.43 |1.95 |1.98 |0.66 |0.59 |1.64 |

  18 |   0 |   1 |  16 |   3 |   9 |  17 |   0 |   2 |  11 |  19 |   9 |  16 |  15 |  16 |  13 |  10 |   4 |  17 |  18 |  10 |  10 |   0 |  10 |  14 |   2 |   9 |   3 |   3 |  18 |   6 |   2 |   5 |  13 |   9 |   2 |   9 |   2 |  15 |  16 |  14 |   1 |   4 |  18 |   7 |  19 |  18 |   9 |  18 |   8 |  19 |   3 |  10 |  12 |  19 |   8 |  11 |   1 |  15 |  17 |   8 |   5 |  15 |  17 |  11 |  14 |   4 |  17 |   7 |  15 |  15 |  14 |   8 |  12 |  19 |  17 |  19 |   5 |  19 |   7 |  14 |   7 |  15 |  19 |  12 |   7 |   5 |   5 |   8 |  15 |   7 |   1 |   5 |  12 |   8 |   5 |  12 |  12 |  11 |  11 |
1.04 |1.96 |0.87 |1.92 |1.23 |1.81 |0.48 |1.40 |1.04 |1.95 |1.85 |1.43 |0.42 |1.39 |0.91 |1.20 |1.44 |1.26 |0.42 |0.38 |1.36 |1.80 |1.59 |0.22 |0.91 |0.29 |1.29 |1.19 |0.96 |0.77 |1.12 |1.54 |1.90 |1.87 |0.59 |0.37 |0.80 |1.88 |0.32 |1.43 |0.43 |0.19 |1.03 |0.21 |0.52 |1.67 |0.67 |0.61 |0.62 |0.24 |1.84 |0.80 |0.91 |0.95 |0.57 |1.07 |0.17 |1.20 |1.32 |1.90 |0.25 |1.28 |1.48 |1.18 |1.91 |0.66 |0.69 |1.16 |1.27 |1.90 |0.77 |1.23 |0.61 |0.54 |1.32 |0.48 |0.98 |0.24 |1.81 |1.36 |0.32 |1.46 |1.30 |1.16 |0.81 |1.68 |1.07 |1.54 |1.92 |0.60 |1.57 |0.66 |1.48 |0.32 |0.49 |1.62 |0.48 |0.52 |0.25 |1.62 |

   7 |  14 |   9 |   4 |  13 |  17 |   7 |  19 |   0 |  18 |   5 |  14 |   7 |  19 |  15 |   6 |  10 |   5 |  10 |   8 |  11 |   7 |   8 |  17 |  17 |   1 |  17 |  10 |  13 |   1 |   9 |  10 |  10 |   9 |   0 |  15 |  17 |   7 |  12 |  19 |   4 |  11 |  18 |  18 |  19 |  15 |  17 |   2 |  16 |   1 |   4 |   0 |  16 |   5 |   8 |   7 |  14 |   9 |  14 |  19 |   9 |   2 |   8 |  18 |  15 |   5 |  15 |  18 |  14 |  16 |   2 |  15 |   9 |   5 |   8 |  11 |  19 |   5 |   1 |  12 |   5 |   2 |   8 |   3 |  18 |  11 |  15 |  11 |   3 |  16 |   2 |  19 |   3 |  12 |   3 |  19 |  15 |  12 |  12 |  12 |
1.80 |1.53 |1.57 |1.82 |1.18 |0.54 |0.93 |0.21 |1.53 |1.38 |1.03 |0.51 |1.15 |1.42 |1.67 |1.86 |1.46 |0.90 |0.91 |1.78 |1.54 |1.37 |1.26 |0.89 |0.32 |0.81 |1.03 |0.44 |1.76 |1.58 |1.93 |1.00 |1.50 |1.12 |0.96 |1.48 |1.05 |1.73 |0.14 |0.98 |1.37 |1.73 |1.44 |1.16 |0.62 |0.98 |0.53 |1.74 |0.33 |1.44 |1.65 |1.27 |1.53 |0.42 |0.51 |1.49 |0.32 |1.85 |0.24 |1.88 |0.12 |1.94 |1.99 |1.82 |1.26 |1.28 |1.85 |1.12 |0.99 |0.49 |1.45 |0.57 |0.18 |0.74 |1.73 |1.81 |1.72 |1.21 |0.63 |1.45 |1.82 |0.46 |0.11 |0.78 |0.74 |0.53 |0.72 |1.75 |1.62 |0.70 |1.82 |0.78 |1.60 |1.49 |1.11 |1.71 |0.67 |1.34 |1.88 |1.46 |

   0 |   8 |  16 |   0 |   7 |   6 |  10 |   8 |  15 |   8 |   7 |   0 |   5 |   7 |  15 |  16 |  16 |  12 |   1 |  11 |  15 |   3 |  14 |   1 |   5 |  13 |  17 |  18 |  17 |  12 |  18 |   5 |  10 |  14 |   5 |   3 |   7 |  14 |  11 |  10 |  11 |   7 |  17 |  16 |  14 |  11 |  19 |  13 |   2 |  19 |   8 |   5 |  17 |   3 |  11 |  12 |  10 |  14 |  18 |   4 |   7 |  12 |   8 |   2 |   5 |   5 |   2 |  10 |   1 |  19 |   3 |   1 |  17 |  19 |   2 |  18 |  15 |   8 |  18 |  12 |  17 |   4 |   4 |  15 |  18 |   9 |  15 |   2 |  15 |  19 |   9 |  12 |  19 |  19 |   9 |   9 |  15 |  19 |   9 |   9 |
1.10 |1.73 |0.44 |1.78 |0.68 |0.33 |0.36 |1.03 |1.93 |0.59 |1.99 |0.18 |0.29 |0.75 |1.07 |1.67 |0.39 |0.77 |0.97 |1.00 |1.67 |1.41 |1.39 |0.85 |1.56 |0.36 |1.22 |0.14 |1.90 |1.94 |0.51 |1.04 |1.93 |1.08 |1.76 |1.55 |1.62 |1.47 |1.51 |0.87 |1.39 |1.29 |0.91 |0.79 |0.30 |0.27 |1.87 |0.92 |0.44 |1.11 |0.36 |1.58 |1.10 |1.63 |1.68 |0.65 |1.89 |1.35 |0.26 |0.63 |0.41 |0.48 |1.07 |0.41 |1.29 |0.34 |0.62 |1.75 |0.30 |1.85 |1.83 |1.72 |0.62 |1.40 |0.27 |0.56 |0.29 |0.40 |0.60 |1.55 |0.11 |1.14 |1.20 |1.79 |1.66 |1.84 |1.13 |1.18 |1.00 |0.49 |1.33 |1.01 |1.39 |1.07 |0.62 |1.10 |0.35 |1.27 |1.57 |1.13 |

   6 |  16 |   5 |  14 |  12 |   5 |  17 |  17 |   5 |  18 |  16 |  15 |   3 |  14 |  19 |  10 |  13 |   2 |  12 |  14 |   9 |  12 |  17 |  10 |   2 |  17 |  10 |  15 |  12 |   7 |  10 |  14 |  16 |   7 |   2 |  16 |   8 |  11 |  13 |   7 |  14 |   8 |   5 |   8 |   7 |  12 |   4 |   0 |   9 |   2 |   2 |  19 |   5 |  17 |   8 |   9 |  12 |   4 |  18 |   1 |   3 |   4 |   3 |   0 |   5 |  15 |  19 |  19 |  15 |   1 |   3 |  15 |   0 |  10 |  19 |  19 |  11 |  17 |  19 |   8 |   5 |  18 |  11 |   9 |  19 |   1 |  11 |   8 |  11 |  18 |  15 |   7 |  15 |   7 |  15 |  18 |   9 |  18 |   1 |   9 |
1.65 |0.27 |1.31 |0.51 |1.55 |1.20 |1.71 |1.65 |0.60 |0.24 |0.63 |0.19 |0.17 |0.11 |1.23 |0.72 |0.72 |0.94 |1.57 |0.59 |0.58 |1.68 |0.57 |0.44 |0.18 |0.87 |1.31 |0.21 |1.67 |0.47 |1.29 |0.34 |0.49 |0.32 |1.53 |0.79 |1.69 |0.17 |0.60 |1.36 |0.34 |1.54 |1.74 |0.63 |1.00 |0.98 |0.92 |0.43 |0.14 |1.03 |0.13 |1.98 |1.80 |0.77 |0.27 |1.99 |1.33 |1.44 |0.70 |0.86 |1.09 |0.29 |0.89 |0.91 |1.51 |1.22 |1.12 |0.42 |0.21 |0.48 |1.60 |1.53 |1.66 |1.80 |0.41 |0.12 |0.94 |1.11 |0.55 |0.13 |1.63 |1.39 |1.50 |0.49 |0.81 |0.98 |1.90 |1.75 |0.54 |0.95 |0.34 |0.59 |0.67 |1.82 |1.73 |0.99 |1.84 |1.63 |0.58 |1.04 |

  19 |  10 |   0 |   4 |   7 |  16 |  19 |   5 |  11 |   7 |  17 |  19 |  15 |  12 |  17 |  10 |   1 |  18 |  11 |  16 |  12 |  19 |  15 |  14 |  10 |   3 |  12 |   3 |  19 |  15 |  17 |   9 |   1 |  18 |  18 |  14 |   2 |  18 |  13 |   9 |   1 |  19 |   8 |   3 |   2 |  19 |  16 |  11 |  14 |  19 |   6 |  14 |   4 |  11 |  17 |  13 |   9 |   5 |  10 |   7 |   0 |   5 |   2 |   2 |   4 |   9 |   5 |  17 |   9 |  16 |   1 |  18 |  11 |   7 |   5 |  14 |   5 |   9 |   5 |   3 |   0 |   7 |  12 |   7 |  17 |  18 |  12 |   8 |   2 |   8 |   8 |  12 |  15 |  15 |   8 |  15 |   8 |  15 |  15 |  10 |
1.62 |1.73 |0.83 |1.14 |0.78 |0.50 |1.06 |1.40 |1.64 |1.79 |1.00 |0.20 |0.47 |0.98 |1.75 |0.26 |0.37 |0.29 |1.93 |0.28 |1.38 |0.72 |0.65 |1.90 |1.93 |1.47 |1.48 |0.68 |1.11 |1.91 |1.52 |0.90 |1.84 |0.74 |1.54 |1.98 |0.43 |1.92 |1.01 |0.33 |1.68 |1.00 |1.28 |0.65 |1.68 |1.08 |1.94 |1.04 |0.71 |1.20 |1.90 |0.54 |0.85 |0.71 |0.53 |1.27 |0.57 |0.75 |1.45 |0.18 |0.46 |1.89 |0.18 |0.43 |0.16 |0.15 |0.78 |1.46 |1.77 |1.05 |0.38 |0.42 |1.06 |1.21 |0.10 |1.74 |0.44 |0.66 |1.98 |1.10 |1.10 |1.39 |0.19 |0.97 |1.59 |0.27 |0.76 |0.15 |1.88 |0.25 |1.22 |0.27 |1.21 |1.24 |1.48 |1.30 |1.79 |1.50 |0.49 |1.67 |

   0 |  10 |  13 |  18 |  10 |  12 |   5 |   7 |  11 |   4 |   2 |   4 |  17 |   9 |  12 |  19 |  10 |   6 |   7 |  15 |   5 |  17 |   0 |  16 |  11 |   1 |  19 |   3 |   7 |  11 |   2 |   0 |  14 |   7 |  18 |  11 |   9 |   9 |   4 |  13 |  17 |  12 |   5 |  17 |  11 |  19 |   5 |   7 |   8 |   1 |  19 |   1 |  12 |  14 |  15 |   9 |   3 |  17 |  12 |   2 |   8 |  10 |   1 |   2 |  16 |  15 |  15 |   7 |  12 |  10 |  15 |  15 |  18 |  15 |   5 |  14 |  17 |   9 |  16 |  19 |  14 |  18 |  14 |   3 |   2 |   3 |  16 |   5 |  15 |  19 |  19 |  18 |   5 |  18 |   9 |  19 |   8 |   8 |   8 |   8 |
1.69 |1.36 |1.39 |1.38 |1.27 |0.56 |0.82 |0.84 |0.26 |1.68 |0.37 |1.23 |1.90 |1.36 |1.14 |0.61 |0.75 |1.85 |1.50 |0.54 |1.31 |1.94 |0.31 |0.80 |0.15 |1.34 |0.66 |0.35 |0.80 |1.30 |1.18 |1.33 |0.53 |0.33 |1.69 |1.74 |0.88 |1.49 |0.83 |1.67 |0.61 |1.55 |1.46 |1.19 |0.30 |0.42 |1.89 |1.68 |1.74 |1.59 |0.21 |0.53 |1.81 |0.53 |0.39 |1.68 |1.46 |0.75 |1.31 |0.66 |1.60 |1.34 |0.49 |1.74 |0.86 |1.64 |0.76 |1.01 |0.80 |0.20 |1.62 |0.64 |0.77 |0.57 |1.10 |1.28 |1.27 |0.86 |1.51 |0.41 |1.96 |1.94 |1.06 |0.77 |1.49 |0.49 |0.19 |0.85 |0.37 |1.10 |0.25 |1.43 |1.93 |1.49 |0.97 |1.16 |1.71 |0.31 |0.81 |0.48 |


ind3:
   0 |  18 |  15 |   0 |   4 |  18 |  15 |  18 |   3 |   1 |  16 |   9 |  19 |  10 |  12 |  13 |   9 |   1 |   0 |   5 |  18 |  12 |  15 |   3 |  16 |  14 |   9 |  18 |  12 |   6 |  15 |   8 |  16 |   2 |   8 |   5 |  17 |   7 |   7 |   5 |  16 |   9 |  12 |  10 |   3 |  14 |   4 |   5 |  14 |  11 |  12 |  14 |  13 |  12 |  18 |  14 |   7 |   8 |  15 |   7 |   2 |   3 |  11 |   9 |   1 |   8 |  17 |  11 |  11 |   9 |   1 |  10 |   4 |   2 |   7 |  15 |  15 |  10 |  11 |   2 |   2 |  17 |   8 |   8 |   5 |  15 |   7 |   5 |   5 |  19 |  10 |  17 |  17 |  19 |  19 |  19 |  17 |  19 |  19 |  19 |
0.30 |1.65 |0.52 |1.80 |0.98 |0.70 |0.83 |1.13 |0.26 |0.43 |1.18 |0.38 |1.56 |1.25 |1.62 |0.54 |0.13 |0.58 |0.28 |1.78 |1.59 |1.59 |1.80 |1.74 |0.13 |1.02 |0.19 |0.51 |1.22 |0.39 |0.77 |1.35 |1.02 |1.93 |0.90 |1.32 |0.76 |0.70 |0.42 |0.19 |0.83 |1.68 |0.55 |0.57 |0.86 |0.64 |1.49 |0.96 |1.29 |1.61 |1.96 |0.54 |0.16 |0.73 |1.75 |0.21 |1.55 |1.59 |1.47 |0.78 |0.17 |1.01 |1.68 |1.83 |1.23 |0.47 |1.13 |0.99 |0.64 |1.12 |1.47 |0.62 |1.94 |0.31 |1.41 |1.07 |0.17 |1.03 |0.56 |0.31 |1.70 |0.21 |1.54 |1.64 |0.73 |1.40 |1.79 |1.63 |0.39 |1.40 |1.94 |1.81 |1.98 |1.43 |1.68 |1.68 |0.75 |0.52 |0.22 |0.61 |

   4 |   6 |  17 |  17 |  15 |  11 |   5 |   9 |   9 |   3 |   1 |   5 |  19 |   4 |   5 |   3 |  15 |  14 |   5 |   1 |  13 |  11 |  19 |  18 |   2 |   4 |   3 |   7 |  10 |  15 |  13 |  11 |  16 |  18 |  19 |  17 |  18 |   8 |  16 |  19 |  10 |   5 |  12 |   1 |   7 |   3 |   5 |   9 |  19 |  14 |  16 |  17 |   7 |   9 |   2 |  10 |  16 |  18 |  10 |   2 |  18 |  18 |  15 |  15 |   8 |   2 |  11 |  12 |   5 |   8 |  19 |   2 |  12 |   9 |  19 |   7 |   9 |   8 |   1 |  10 |  17 |   0 |   8 |  11 |   8 |  12 |  19 |  14 |  15 |  15 |  15 |   7 |  12 |   0 |  14 |  14 |  12 |   0 |   7 |  17 |
0.39 |1.92 |0.25 |1.38 |1.81 |1.61 |1.04 |1.47 |0.64 |0.13 |0.21 |1.25 |0.55 |0.72 |0.90 |1.68 |1.36 |0.89 |1.57 |0.82 |0.14 |1.07 |0.58 |0.82 |0.86 |1.87 |0.29 |0.49 |1.00 |1.03 |1.97 |1.24 |0.70 |0.17 |0.93 |1.60 |1.51 |0.80 |1.71 |0.77 |0.51 |0.62 |1.33 |0.39 |1.61 |0.76 |0.71 |1.45 |1.12 |1.06 |1.88 |1.34 |1.98 |1.44 |0.77 |0.30 |1.79 |0.45 |1.02 |0.53 |1.04 |1.66 |0.61 |0.19 |1.24 |1.92 |0.77 |0.84 |1.93 |1.15 |1.15 |0.84 |0.64 |0.50 |0.15 |1.10 |0.80 |1.70 |0.55 |0.96 |0.52 |1.09 |1.52 |0.13 |1.03 |0.30 |0.72 |0.43 |0.44 |0.69 |1.33 |0.18 |0.39 |1.53 |1.06 |0.44 |1.88 |1.86 |1.22 |1.10 |

  11 |  18 |  19 |  12 |   9 |  12 |  12 |   5 |  17 |   5 |   7 |  11 |  14 |  13 |  14 |  15 |   9 |  11 |   3 |  19 |  12 |   7 |   9 |   9 |   9 |  13 |   0 |  10 |  14 |  12 |   1 |  12 |  11 |   7 |   8 |   7 |   7 |  17 |   5 |   6 |   2 |   0 |  16 |   0 |   9 |   5 |  16 |  19 |   5 |  18 |   4 |   7 |   1 |  17 |  18 |  17 |  16 |  18 |  11 |   1 |  17 |   4 |   5 |   5 |  10 |   1 |  19 |  16 |  19 |   2 |  18 |  17 |  14 |   4 |   2 |   3 |  15 |  14 |  15 |   3 |   8 |   2 |  10 |   8 |  15 |   3 |  19 |  10 |   2 |  15 |  15 |  15 |  10 |   8 |  15 |   8 |  19 |  18 |   8 |  19 |
1.06 |1.47 |0.29 |1.14 |0.71 |1.73 |0.95 |1.21 |1.14 |1.22 |1.47 |1.62 |0.44 |0.80 |0.41 |0.12 |1.94 |1.49 |1.31 |0.34 |1.37 |0.16 |1.28 |1.11 |1.12 |0.14 |1.04 |0.14 |1.50 |1.73 |0.42 |0.53 |1.82 |0.78 |1.52 |1.01 |0.96 |1.39 |1.75 |1.74 |1.89 |1.12 |1.66 |0.22 |1.13 |1.64 |0.58 |1.76 |0.30 |0.51 |1.05 |1.99 |0.92 |1.80 |1.64 |1.80 |0.36 |0.46 |0.49 |1.12 |0.13 |0.29 |1.06 |0.20 |1.26 |1.97 |0.36 |1.15 |0.17 |1.24 |0.93 |1.73 |0.98 |0.61 |1.33 |1.21 |1.07 |0.64 |1.99 |1.12 |1.10 |1.75 |1.95 |0.99 |0.57 |1.07 |0.97 |1.45 |0.36 |1.04 |1.42 |0.59 |0.32 |0.33 |1.32 |0.95 |1.09 |1.75 |0.69 |1.50 |

   8 |   9 |   9 |  19 |  13 |   5 |  12 |   0 |  16 |  16 |   4 |  14 |   2 |   1 |  15 |  11 |   4 |   5 |  15 |   7 |  16 |  10 |   7 |   1 |  19 |  16 |  15 |  12 |   3 |   7 |   2 |   8 |  18 |   1 |   4 |   5 |  11 |   6 |  19 |  14 |   1 |  10 |   7 |  15 |  15 |  18 |  13 |   0 |   2 |  19 |   8 |  11 |  14 |   7 |   0 |  18 |  18 |   9 |  15 |  14 |  12 |   3 |   7 |  12 |   3 |  14 |   8 |  19 |   2 |  10 |   2 |   5 |   5 |  12 |   5 |   9 |  18 |   3 |   8 |  18 |  10 |  15 |   8 |  12 |  10 |  11 |  19 |  15 |  17 |  19 |  11 |   5 |   9 |  19 |   9 |  17 |  17 |  17 |  17 |  17 |
0.10 |1.19 |1.02 |0.84 |1.96 |0.43 |0.23 |0.34 |0.69 |1.27 |1.93 |1.53 |0.51 |0.96 |1.97 |0.25 |0.73 |1.90 |0.78 |1.81 |1.52 |0.70 |1.70 |1.99 |1.40 |0.87 |1.18 |0.68 |1.07 |0.96 |0.81 |0.32 |0.68 |1.73 |0.49 |1.95 |1.27 |0.97 |0.29 |1.28 |0.77 |1.06 |0.26 |1.46 |1.10 |0.49 |1.02 |0.71 |0.58 |1.93 |1.16 |1.79 |0.43 |1.17 |1.19 |1.08 |1.05 |1.81 |1.48 |0.89 |1.20 |0.40 |1.30 |0.99 |0.87 |0.73 |1.49 |1.43 |0.60 |0.60 |1.38 |1.88 |0.14 |0.62 |1.53 |0.84 |1.67 |1.55 |0.39 |0.56 |1.17 |1.80 |0.90 |1.57 |1.09 |0.56 |1.94 |1.90 |1.67 |0.38 |1.01 |1.75 |1.02 |1.36 |1.96 |0.31 |0.40 |1.89 |0.85 |1.89 |

   6 |  18 |   9 |  14 |  12 |  13 |   9 |  15 |   1 |  15 |   3 |   2 |   0 |  16 |   0 |  10 |   8 |  11 |   4 |  13 |   5 |  19 |   1 |  19 |  10 |   2 |  19 |  17 |   5 |   2 |  12 |   9 |  12 |  14 |   5 |   8 |  11 |  14 |  16 |   9 |  17 |  18 |  12 |   9 |  19 |   8 |   1 |   0 |  19 |  15 |  16 |  14 |  10 |  19 |  14 |  10 |   9 |  16 |  17 |  11 |   8 |   3 |   3 |   1 |  17 |  18 |  15 |  18 |   8 |  18 |   5 |   8 |   2 |  11 |  11 |  10 |  17 |   4 |   2 |   5 |   5 |  17 |  19 |   7 |  12 |   3 |  18 |   4 |   5 |  19 |  15 |   7 |  15 |  12 |  15 |   7 |   7 |   7 |  15 |   7 |
0.62 |0.66 |0.71 |0.59 |0.81 |1.25 |0.38 |1.24 |0.94 |0.13 |1.96 |0.14 |1.55 |1.84 |0.24 |1.92 |1.96 |1.26 |0.39 |0.75 |1.70 |0.12 |0.60 |0.92 |1.75 |0.29 |0.55 |0.86 |0.27 |1.27 |0.98 |0.72 |0.52 |1.02 |0.23 |0.98 |1.36 |0.42 |1.71 |0.72 |1.28 |0.55 |1.86 |0.95 |1.03 |0.66 |1.41 |0.40 |1.37 |0.26 |0.77 |1.04 |0.91 |0.85 |1.18 |1.86 |0.79 |0.82 |0.84 |0.83 |0.25 |1.62 |1.52 |1.10 |1.18 |0.61 |0.38 |0.53 |0.36 |0.46 |1.26 |0.71 |1.24 |1.03 |1.71 |0.39 |1.89 |1.01 |1.05 |0.84 |0.37 |1.39 |0.92 |1.05 |0.81 |0.98 |0.61 |1.22 |0.64 |1.02 |0.32 |0.71 |1.13 |0.32 |1.40 |0.94 |0.76 |0.60 |1.57 |1.96 |

  11 |   3 |  14 |   4 |   4 |   9 |  11 |  11 |   0 |  12 |   5 |   1 |   3 |   5 |   2 |   3 |  16 |   9 |   7 |  13 |   8 |  12 |  15 |   6 |  16 |  13 |  17 |  14 |   2 |   9 |  17 |   1 |   1 |   0 |  18 |   7 |  19 |  14 |  15 |  16 |   5 |   9 |   2 |   4 |   1 |  12 |  15 |  16 |   8 |  11 |  11 |   3 |  18 |  15 |  19 |   2 |   9 |  17 |  15 |   5 |  18 |  15 |   8 |   5 |  17 |  12 |   8 |   0 |  14 |  18 |   9 |  10 |   7 |  10 |  14 |  17 |   5 |   8 |   5 |  12 |  15 |   8 |  12 |  10 |  15 |  19 |   7 |  10 |  10 |   2 |  19 |  17 |  19 |  18 |  19 |   7 |   7 |  18 |  19 |  19 |
1.44 |1.83 |0.20 |1.82 |0.93 |1.01 |0.80 |1.73 |1.53 |1.10 |1.03 |0.54 |1.98 |0.30 |0.93 |1.18 |1.23 |1.07 |0.58 |1.34 |1.87 |1.72 |0.94 |1.19 |1.32 |0.14 |1.03 |1.12 |1.91 |1.86 |0.23 |0.69 |1.93 |1.06 |1.45 |1.23 |0.24 |0.71 |1.03 |0.77 |0.43 |0.45 |1.28 |1.27 |0.44 |1.48 |1.65 |0.24 |0.49 |0.32 |1.12 |0.23 |0.12 |1.97 |1.45 |1.44 |1.73 |0.79 |0.59 |0.39 |1.48 |1.55 |1.99 |0.12 |0.69 |1.54 |0.14 |1.65 |0.99 |0.96 |1.24 |1.98 |0.11 |0.89 |1.98 |1.43 |1.92 |1.23 |1.26 |1.45 |0.89 |0.41 |1.25 |1.82 |1.23 |1.21 |1.49 |1.13 |1.36 |1.81 |0.72 |0.43 |1.84 |1.53 |1.77 |0.98 |0.43 |0.71 |0.88 |0.35 |

   5 |  12 |  19 |  15 |   1 |   6 |  16 |   2 |   3 |   3 |  14 |  13 |  15 |  10 |   3 |   9 |  14 |  17 |   5 |   2 |   9 |   4 |  18 |   9 |  14 |   3 |   2 |  12 |   9 |   9 |   8 |  18 |  18 |   5 |   5 |   1 |   2 |  19 |  14 |  13 |  16 |  14 |  18 |  17 |   5 |  18 |   0 |   5 |   2 |  19 |  19 |  18 |   0 |   9 |  10 |   5 |  12 |  12 |  16 |   7 |  10 |  16 |  11 |  17 |  15 |   0 |  10 |   4 |  12 |  17 |  15 |  11 |   1 |  17 |  10 |   4 |  12 |  11 |   8 |  15 |  17 |  19 |  11 |   7 |   1 |  11 |   7 |  19 |  15 |   7 |   8 |   8 |  19 |   7 |  15 |  15 |   7 |  19 |   8 |   8 |
1.42 |0.31 |0.18 |0.46 |0.38 |0.33 |0.66 |0.43 |0.39 |0.61 |0.54 |1.52 |0.31 |1.26 |0.60 |1.08 |0.38 |1.85 |1.76 |0.22 |1.10 |0.62 |0.83 |1.26 |1.60 |0.97 |1.40 |1.89 |1.52 |1.77 |1.11 |1.00 |0.55 |1.58 |1.76 |1.59 |1.66 |1.57 |0.29 |1.31 |1.14 |1.55 |1.23 |0.95 |0.32 |1.09 |1.97 |1.39 |0.44 |1.11 |1.08 |0.73 |0.94 |0.77 |0.30 |0.36 |0.60 |1.94 |1.65 |0.46 |0.99 |1.85 |1.69 |0.52 |1.90 |0.33 |1.67 |1.20 |0.78 |1.18 |0.13 |1.11 |0.75 |1.34 |0.47 |0.33 |1.78 |1.57 |0.63 |1.26 |0.11 |1.42 |0.45 |1.95 |0.85 |1.86 |1.40 |0.58 |1.00 |1.30 |1.75 |1.69 |1.39 |0.45 |1.75 |0.45 |1.99 |1.27 |0.51 |0.77 |

  11 |   8 |  14 |   5 |   6 |   4 |  14 |  17 |  12 |   4 |   1 |   3 |   5 |  19 |   1 |   8 |   8 |   4 |   0 |   1 |  17 |   5 |  14 |  14 |   0 |   5 |  17 |  18 |   2 |   9 |   3 |  11 |   0 |   5 |   5 |   3 |  13 |  13 |  17 |  17 |  10 |   3 |   5 |  10 |   2 |   7 |  15 |  19 |  12 |  14 |   1 |   8 |  12 |   2 |  18 |   8 |  11 |  12 |   2 |   2 |  10 |   7 |  18 |   7 |   8 |   7 |  19 |  15 |  19 |  17 |  19 |  15 |  19 |  16 |  19 |  15 |   7 |  15 |   9 |  19 |   7 |  11 |  10 |  15 |  12 |   9 |  16 |  15 |  18 |  10 |  12 |  11 |  18 |   9 |  16 |  15 |   9 |  16 |   9 |  18 |
0.38 |0.34 |1.42 |1.75 |0.18 |0.56 |0.47 |1.65 |0.98 |0.21 |1.78 |0.41 |0.89 |0.47 |1.38 |0.87 |1.16 |1.01 |0.28 |0.14 |1.78 |1.62 |0.25 |0.96 |1.21 |1.06 |1.06 |0.27 |0.41 |0.92 |0.32 |0.14 |1.68 |0.21 |0.74 |0.53 |1.53 |0.13 |0.66 |1.67 |1.18 |1.61 |1.74 |0.48 |0.90 |0.79 |1.18 |0.15 |1.46 |0.43 |0.60 |0.90 |0.21 |1.32 |1.13 |1.94 |1.70 |1.00 |0.57 |1.46 |1.89 |1.20 |1.84 |0.96 |0.60 |0.94 |1.12 |1.45 |0.50 |1.93 |0.16 |1.53 |0.91 |0.46 |0.41 |1.06 |1.91 |1.30 |0.74 |0.94 |1.38 |1.47 |1.57 |0.99 |1.05 |1.38 |0.49 |1.49 |1.35 |1.83 |1.46 |0.73 |0.44 |1.79 |1.28 |0.92 |1.84 |0.17 |1.83 |1.12 |

   5 |   2 |   3 |   6 |   3 |  12 |  17 |   9 |  16 |  11 |   5 |   7 |   0 |  18 |  16 |   5 |  14 |  14 |  17 |  11 |  13 |  11 |  13 |   3 |  10 |   5 |   1 |   3 |   9 |  14 |   8 |   0 |   9 |   7 |  18 |   0 |   2 |   5 |   4 |   9 |   2 |   5 |  15 |   4 |  18 |  16 |   5 |  14 |  14 |  11 |   9 |   7 |   2 |  11 |  17 |  10 |  19 |  18 |  16 |   7 |   4 |  17 |  17 |  18 |   1 |  15 |  10 |   9 |   2 |  19 |   8 |  15 |  18 |   1 |  15 |  10 |   7 |   1 |  12 |  15 |  17 |  19 |   8 |  19 |   7 |  10 |  12 |  15 |  12 |  19 |  12 |  15 |   8 |  19 |  15 |   8 |   8 |  19 |  12 |  19 |
1.69 |0.31 |1.93 |0.40 |1.50 |1.75 |0.81 |1.45 |1.87 |0.22 |1.83 |1.70 |0.59 |1.91 |0.14 |0.62 |0.30 |0.41 |0.12 |0.49 |1.73 |0.19 |0.98 |0.80 |1.93 |0.53 |0.67 |0.68 |0.51 |1.74 |1.75 |0.34 |1.78 |0.12 |1.54 |0.43 |0.43 |1.89 |0.34 |0.33 |0.61 |1.19 |0.41 |1.87 |0.98 |1.25 |0.18 |1.70 |0.71 |1.93 |1.73 |0.65 |0.33 |0.71 |0.53 |1.54 |1.00 |0.91 |1.39 |0.18 |1.84 |0.29 |0.35 |1.40 |0.75 |0.23 |1.05 |0.74 |0.75 |0.27 |1.90 |1.58 |1.78 |1.73 |1.04 |0.33 |0.66 |0.28 |0.63 |0.18 |1.82 |0.31 |0.89 |0.94 |1.28 |1.00 |0.76 |0.47 |1.05 |1.18 |0.21 |1.79 |0.41 |1.09 |0.17 |1.39 |1.79 |1.68 |0.76 |0.12 |

  15 |  17 |   3 |   4 |  13 |   9 |   6 |  16 |  15 |  16 |  15 |   4 |  13 |   0 |  14 |   3 |   5 |  19 |  15 |  19 |  18 |   8 |   9 |   5 |   9 |   7 |  17 |  18 |   3 |  12 |  16 |  14 |  11 |  18 |  14 |   2 |   1 |   2 |  17 |   3 |   4 |  18 |   5 |  15 |  19 |  16 |   5 |   8 |   5 |  15 |   0 |   2 |   7 |   8 |  14 |  11 |  10 |  19 |   0 |  10 |   2 |   7 |  14 |   5 |  17 |  15 |   5 |   7 |  11 |  19 |  10 |  11 |   1 |  17 |   7 |  17 |   9 |  11 |  19 |   2 |   8 |   7 |  12 |  19 |  15 |  18 |  10 |  10 |  12 |   1 |  18 |  12 |   9 |   9 |   1 |  12 |  19 |   8 |   8 |  12 |
1.58 |0.29 |1.16 |0.27 |0.87 |1.84 |1.84 |1.07 |1.33 |1.49 |0.75 |1.23 |1.24 |1.25 |1.00 |1.52 |1.07 |1.25 |0.99 |1.01 |1.66 |1.65 |1.11 |0.71 |0.95 |0.88 |1.00 |0.48 |1.88 |1.08 |0.65 |1.04 |1.15 |1.89 |1.39 |0.19 |0.67 |1.11 |0.18 |1.37 |0.60 |0.81 |1.46 |1.82 |1.03 |1.05 |1.89 |1.02 |1.52 |0.67 |0.92 |1.23 |0.70 |1.59 |0.77 |0.92 |1.86 |0.28 |1.48 |1.64 |1.13 |1.81 |0.41 |1.29 |1.68 |1.64 |0.12 |1.01 |0.96 |0.64 |1.02 |0.46 |1.83 |1.22 |1.70 |0.33 |1.25 |1.03 |1.67 |1.29 |0.35 |1.74 |1.83 |0.28 |1.18 |1.82 |0.97 |1.22 |0.87 |0.96 |0.64 |0.39 |2.00 |1.20 |1.44 |0.97 |0.91 |0.31 |0.81 |0.61 |


ind4:
   7 |   2 |   1 |   7 |   5 |  13 |   1 |  14 |  18 |   6 |  10 |  16 |  11 |  16 |   9 |  14 |   2 |  13 |   8 |   4 |   7 |   9 |  15 |  11 |   7 |   7 |  15 |   9 |   5 |   1 |  12 |  12 |  15 |   3 |   1 |   4 |  18 |   7 |   9 |   4 |   5 |  11 |  14 |   8 |  12 |  16 |   0 |   5 |   2 |  11 |   9 |   2 |   0 |   8 |  12 |  14 |   0 |  18 |  17 |  17 |  12 |  18 |   9 |  12 |  16 |   3 |   8 |  18 |  18 |  15 |  17 |  11 |   2 |   8 |   3 |  14 |   3 |   5 |   8 |  15 |  17 |   5 |  10 |  17 |  19 |  19 |  15 |  10 |  19 |  19 |  19 |  15 |  10 |  17 |  15 |  19 |   5 |  10 |  19 |  19 |
0.17 |1.88 |1.06 |1.45 |1.78 |0.74 |0.78 |1.43 |0.31 |0.30 |0.80 |1.68 |0.29 |1.62 |1.98 |1.51 |1.23 |1.09 |0.40 |0.62 |0.39 |1.46 |1.80 |1.21 |0.64 |1.41 |0.84 |0.59 |1.67 |0.53 |1.28 |0.32 |1.61 |1.08 |0.98 |1.81 |1.86 |0.70 |0.82 |0.38 |0.64 |0.21 |1.55 |1.41 |0.62 |0.76 |0.69 |0.96 |1.74 |1.61 |1.23 |0.88 |1.22 |0.39 |0.40 |0.21 |0.91 |0.87 |0.91 |1.49 |0.72 |0.86 |1.60 |0.78 |0.71 |1.27 |1.24 |1.70 |0.91 |1.21 |0.87 |1.72 |0.23 |0.86 |1.35 |1.27 |1.49 |1.50 |1.96 |0.98 |1.56 |1.47 |0.75 |1.72 |1.27 |0.45 |0.54 |1.72 |1.71 |1.40 |1.36 |0.60 |0.29 |0.73 |0.12 |1.68 |0.39 |1.13 |0.22 |0.61 |

   3 |  12 |  15 |  11 |  17 |  17 |  12 |  11 |   5 |  16 |  18 |   9 |   2 |   5 |  13 |   4 |   7 |   5 |   0 |  13 |   8 |   2 |   9 |   3 |  11 |   0 |  10 |  15 |   0 |  18 |   5 |   7 |  15 |  15 |   5 |   7 |  11 |  18 |  14 |   9 |   7 |   2 |  17 |   5 |   2 |   2 |  16 |  11 |  14 |   6 |   8 |  19 |  10 |  14 |   3 |   3 |   4 |   4 |  15 |  10 |  14 |  14 |   8 |   8 |   1 |  10 |  15 |  15 |  18 |  18 |  16 |   1 |  12 |   7 |  17 |  15 |  12 |  12 |  12 |  10 |   9 |   1 |   1 |  16 |   8 |   7 |   9 |  19 |  19 |  18 |  19 |  19 |   5 |  19 |   9 |  19 |   8 |  17 |  17 |  19 |
0.51 |1.58 |0.82 |1.45 |0.52 |1.25 |1.87 |0.65 |0.95 |1.34 |0.76 |0.73 |0.54 |0.31 |0.14 |1.29 |1.39 |0.73 |0.33 |0.75 |1.59 |0.89 |1.77 |1.99 |0.61 |0.43 |0.81 |0.25 |0.47 |0.66 |0.94 |0.84 |0.62 |0.50 |1.93 |1.65 |0.54 |1.78 |0.42 |1.92 |0.52 |0.98 |0.80 |1.24 |0.46 |1.97 |1.07 |0.48 |1.35 |1.75 |0.91 |0.15 |1.89 |1.88 |1.23 |1.36 |1.81 |1.97 |0.89 |0.16 |1.63 |0.55 |0.95 |0.45 |0.54 |1.57 |1.62 |0.46 |1.59 |1.82 |1.85 |1.08 |0.64 |1.52 |1.87 |1.13 |0.55 |0.11 |1.76 |0.96 |0.53 |0.43 |0.89 |0.92 |1.03 |1.15 |1.79 |0.39 |1.84 |0.63 |1.47 |1.19 |1.87 |0.18 |1.32 |0.18 |1.63 |1.91 |1.04 |0.52 |

  19 |   6 |   5 |  14 |  18 |   1 |  10 |   2 |   5 |  17 |   3 |  10 |  11 |   3 |  14 |  12 |  18 |  12 |  14 |   5 |  15 |  18 |   3 |  15 |  13 |   0 |   1 |   9 |  17 |  16 |   3 |   5 |   9 |  10 |   1 |  15 |   0 |  18 |  14 |   4 |  10 |  13 |   4 |   8 |  18 |  19 |  15 |  15 |   5 |  11 |   4 |   8 |  12 |   0 |  16 |  14 |  12 |   5 |  18 |   8 |  17 |  15 |   7 |   5 |  17 |  19 |   7 |  11 |   1 |  19 |  10 |   7 |   8 |   8 |   9 |  11 |  11 |  19 |  16 |  19 |   2 |  15 |  19 |  17 |  17 |   8 |  12 |  12 |  15 |   2 |   7 |  16 |  19 |   2 |   2 |   7 |   7 |   9 |   9 |   9 |
0.24 |1.36 |1.02 |1.58 |1.10 |0.64 |1.97 |0.94 |1.92 |0.88 |0.11 |1.82 |1.99 |0.25 |0.41 |1.66 |1.24 |0.11 |1.03 |0.44 |0.66 |1.33 |1.30 |0.50 |1.68 |1.17 |1.06 |1.23 |0.42 |1.92 |1.27 |1.99 |1.74 |1.97 |1.74 |1.11 |1.55 |0.53 |0.86 |1.52 |1.35 |1.72 |0.97 |0.21 |1.37 |1.44 |1.69 |0.39 |0.30 |0.25 |1.05 |0.72 |1.57 |1.92 |0.92 |0.63 |0.14 |1.54 |1.90 |0.64 |0.13 |1.21 |1.26 |0.20 |0.69 |0.97 |1.21 |1.33 |1.83 |1.79 |1.16 |1.10 |1.70 |1.59 |1.83 |1.92 |1.00 |1.52 |1.44 |0.49 |1.30 |0.37 |1.05 |0.25 |0.62 |0.98 |0.91 |1.29 |1.48 |1.50 |0.50 |1.87 |1.77 |0.47 |1.61 |0.68 |1.08 |1.36 |1.50 |1.99 |

   8 |   4 |  18 |   8 |  19 |   0 |  11 |  19 |  14 |   8 |   5 |   5 |   3 |   8 |  15 |   2 |   3 |   1 |  12 |  12 |   7 |  13 |   2 |  12 |  10 |   4 |   3 |   8 |   7 |  17 |   7 |  17 |   7 |   9 |   9 |  17 |  14 |   8 |  14 |  14 |   0 |   2 |  18 |  15 |   2 |  19 |  18 |   2 |   5 |   1 |   4 |  12 |  18 |   1 |  13 |   5 |   0 |   5 |  12 |  17 |   1 |   7 |  17 |   6 |  12 |   3 |  18 |  16 |  18 |  15 |  19 |  19 |  19 |  19 |  15 |  16 |   5 |  16 |  16 |  10 |  10 |  15 |   9 |  11 |  19 |  10 |  17 |   7 |  11 |  10 |  14 |   5 |  15 |  11 |   9 |   9 |   9 |  15 |  11 |  15 |
0.10 |1.71 |1.29 |0.66 |0.26 |1.52 |0.32 |0.14 |0.30 |1.83 |0.76 |0.61 |0.74 |0.89 |1.97 |1.22 |1.79 |0.62 |1.59 |1.77 |1.77 |1.50 |1.49 |1.44 |1.63 |0.21 |0.15 |1.00 |1.68 |1.76 |1.72 |1.26 |0.12 |0.88 |0.91 |1.22 |0.55 |0.59 |0.98 |1.28 |0.86 |1.34 |1.28 |1.46 |1.37 |0.88 |0.52 |0.92 |1.72 |0.60 |1.61 |1.36 |1.90 |0.36 |0.19 |1.54 |1.68 |0.67 |1.71 |1.16 |0.81 |1.99 |0.60 |0.77 |0.27 |1.56 |0.31 |0.42 |1.93 |0.78 |1.23 |0.75 |1.78 |1.69 |1.58 |1.81 |1.44 |0.71 |0.11 |0.94 |1.17 |1.80 |1.29 |0.47 |1.71 |1.81 |0.81 |1.63 |1.08 |1.96 |1.84 |1.75 |0.98 |1.25 |1.96 |0.61 |0.41 |0.91 |1.67 |0.42 |

   9 |  15 |   7 |   8 |  19 |   0 |  19 |   6 |  16 |   7 |  11 |   8 |  10 |  19 |   4 |   9 |  17 |   8 |  14 |   4 |   8 |  13 |  12 |  16 |  18 |   3 |   7 |   9 |  17 |  14 |   7 |  13 |  11 |  10 |  14 |  18 |  15 |  14 |   9 |  14 |   4 |  19 |   0 |  15 |   3 |   0 |  16 |   8 |   9 |  16 |   3 |   2 |   3 |  18 |   9 |   1 |  10 |   7 |   7 |   1 |   5 |  19 |   1 |   8 |   2 |  15 |  11 |  12 |   1 |  12 |  11 |  11 |  10 |  15 |  17 |  15 |  10 |  15 |  17 |  18 |  12 |  19 |  19 |  15 |  12 |   5 |   2 |  18 |  18 |  12 |  17 |   5 |   5 |   5 |   5 |   5 |  17 |  19 |   2 |   2 |
0.38 |1.78 |1.35 |0.92 |1.75 |1.45 |0.28 |1.94 |0.87 |1.72 |1.43 |1.50 |1.79 |0.63 |0.98 |1.93 |1.96 |1.67 |0.10 |0.32 |1.98 |0.48 |1.03 |0.97 |1.85 |0.21 |0.74 |1.70 |0.53 |1.48 |0.46 |0.11 |1.86 |0.11 |1.47 |0.10 |1.09 |0.42 |0.70 |1.30 |0.94 |1.68 |1.30 |0.71 |0.54 |0.70 |0.40 |1.12 |1.80 |0.88 |0.68 |1.72 |1.65 |1.70 |2.00 |1.49 |1.35 |0.73 |1.75 |0.94 |1.22 |0.40 |0.74 |0.20 |0.28 |0.51 |0.38 |1.71 |0.87 |1.02 |0.71 |1.42 |1.66 |1.52 |1.36 |1.75 |1.59 |0.98 |1.57 |0.33 |1.89 |1.42 |0.92 |0.39 |0.81 |0.71 |1.02 |0.16 |1.36 |1.26 |0.76 |1.40 |1.48 |1.14 |1.97 |1.62 |0.39 |1.55 |1.49 |0.51 |

   1 |   7 |  15 |  18 |   7 |  18 |  16 |  19 |   4 |  11 |   2 |  12 |   5 |   9 |   6 |  13 |  10 |   9 |  12 |  11 |  15 |  11 |  18 |   0 |  14 |  17 |  12 |   3 |  10 |   4 |   5 |  10 |   4 |  16 |  14 |  17 |   0 |  13 |   8 |  18 |   8 |   7 |  17 |   1 |  11 |  10 |  14 |   5 |   5 |   7 |  18 |  11 |   8 |  16 |   0 |   7 |  15 |   7 |  19 |  16 |   3 |   9 |  19 |   1 |  17 |  17 |  12 |  10 |   1 |   5 |  19 |   8 |  18 |   3 |  14 |  12 |   9 |   5 |  19 |   9 |   9 |  14 |  19 |   2 |  12 |  15 |   2 |  17 |   5 |   3 |  19 |   8 |  15 |  15 |  19 |  15 |  15 |   8 |   2 |   2 |
1.80 |1.71 |0.38 |1.67 |0.16 |0.32 |0.54 |0.21 |0.59 |0.89 |0.33 |1.38 |0.16 |1.50 |1.52 |1.86 |1.46 |1.07 |0.77 |1.45 |0.21 |1.88 |0.40 |1.40 |1.18 |1.11 |0.48 |1.42 |0.55 |1.39 |0.53 |1.00 |1.13 |1.34 |1.00 |1.22 |0.62 |1.89 |0.60 |1.70 |0.82 |1.28 |1.96 |1.98 |0.24 |0.29 |0.18 |0.47 |0.38 |0.29 |1.97 |0.13 |1.05 |1.43 |1.70 |1.49 |0.14 |1.52 |0.34 |1.64 |1.28 |1.68 |0.84 |0.22 |0.69 |1.80 |0.19 |1.62 |0.98 |0.61 |1.41 |1.23 |1.26 |0.80 |1.98 |1.78 |0.17 |1.21 |1.81 |1.63 |1.42 |0.94 |1.82 |0.89 |1.91 |0.25 |1.05 |1.79 |0.98 |0.35 |0.72 |0.48 |1.34 |1.70 |1.77 |0.40 |0.67 |1.34 |0.90 |0.53 |

  18 |  19 |  17 |   5 |  12 |  14 |   4 |  14 |   0 |   2 |   9 |   6 |   9 |  16 |   8 |   5 |  17 |   8 |  11 |   1 |  19 |  10 |  19 |   4 |  15 |  10 |   9 |   5 |   4 |  12 |  13 |  19 |   1 |  11 |   9 |   9 |  18 |   5 |  19 |   8 |  10 |  11 |   8 |  19 |   7 |  12 |  14 |   1 |   9 |  14 |  13 |  17 |   5 |  16 |   5 |   1 |  14 |  11 |  10 |   8 |  15 |   3 |  17 |   7 |  19 |  17 |   7 |   8 |   0 |  18 |  10 |   0 |  12 |   7 |  16 |  15 |  11 |  12 |   2 |  16 |   2 |  17 |  15 |  12 |  15 |   5 |  15 |   2 |  15 |  15 |   2 |   3 |  19 |   7 |   7 |  18 |  18 |  18 |   3 |   3 |
0.57 |1.45 |1.10 |1.74 |0.30 |1.64 |1.73 |1.05 |1.68 |1.17 |0.34 |1.54 |1.57 |1.59 |1.24 |0.59 |1.12 |1.28 |1.35 |0.52 |1.02 |0.97 |1.15 |0.28 |1.47 |1.42 |1.22 |1.88 |1.63 |1.94 |1.80 |1.48 |0.85 |1.60 |1.70 |0.54 |1.23 |0.12 |0.64 |0.57 |0.51 |1.97 |1.09 |0.47 |1.47 |0.76 |0.30 |1.95 |0.57 |0.76 |1.01 |1.00 |0.39 |0.95 |0.97 |0.40 |0.94 |1.95 |0.98 |0.96 |1.27 |1.31 |1.59 |1.15 |0.74 |1.88 |0.63 |0.11 |0.28 |1.88 |0.65 |0.13 |0.23 |1.61 |1.31 |1.00 |1.59 |1.99 |1.01 |1.27 |0.60 |1.25 |0.29 |0.99 |1.39 |1.86 |1.13 |1.18 |1.00 |0.71 |0.68 |0.52 |1.39 |0.45 |0.13 |0.99 |1.99 |0.34 |0.33 |1.22 |

   0 |  11 |  13 |  12 |  19 |  12 |   1 |   4 |  18 |   7 |   8 |   4 |  16 |   4 |   3 |  18 |   1 |   2 |   8 |   2 |  14 |  16 |  16 |  12 |  16 |   5 |  19 |   3 |  17 |  19 |   6 |  10 |  18 |  15 |  18 |   8 |  18 |   2 |   0 |   7 |  13 |   2 |  17 |  12 |  10 |  12 |  12 |   5 |  11 |  18 |   3 |   7 |  17 |  19 |   7 |  11 |   8 |   1 |   2 |   1 |   5 |   8 |   7 |  11 |  15 |  19 |   8 |   9 |  11 |  10 |   9 |   9 |   7 |  14 |   9 |  10 |   5 |   0 |  15 |   5 |  19 |   9 |  19 |   3 |  15 |  14 |  17 |  10 |  14 |  15 |  15 |  19 |   9 |  14 |   5 |  15 |  15 |   5 |  17 |  17 |
1.16 |1.52 |0.36 |0.58 |1.74 |1.13 |1.77 |0.48 |0.21 |0.22 |1.07 |0.67 |1.05 |1.88 |1.27 |1.26 |0.49 |0.94 |0.44 |0.61 |0.32 |0.49 |1.35 |0.85 |1.77 |1.06 |1.65 |2.00 |1.08 |0.83 |0.83 |1.89 |0.15 |1.56 |1.42 |1.77 |0.89 |1.53 |0.96 |1.36 |1.19 |0.58 |1.10 |1.93 |0.26 |0.98 |1.92 |1.15 |0.84 |1.06 |1.25 |1.45 |0.33 |1.04 |0.52 |1.89 |1.47 |0.30 |0.57 |0.86 |1.74 |1.20 |1.20 |0.87 |0.43 |1.51 |0.24 |0.99 |0.64 |1.65 |0.70 |1.36 |1.74 |1.03 |1.58 |1.11 |0.85 |0.74 |0.64 |0.20 |0.55 |1.38 |1.89 |0.76 |1.19 |0.77 |0.92 |0.28 |0.12 |0.65 |0.34 |0.13 |1.14 |1.55 |0.57 |0.92 |1.70 |0.12 |0.17 |0.64 |

  11 |  19 |   8 |  16 |   6 |  19 |   4 |   5 |   0 |   9 |  11 |   8 |  17 |   2 |   0 |   2 |  10 |  19 |   4 |   9 |  14 |   4 |   2 |   1 |  13 |  12 |   8 |  15 |   8 |   8 |   3 |   3 |  19 |   5 |   1 |  16 |  13 |   5 |   9 |   3 |  12 |   5 |   2 |   8 |  18 |   1 |   1 |   3 |   9 |  18 |   0 |  19 |  11 |  10 |  10 |  14 |   2 |  18 |  10 |   5 |  16 |  14 |   7 |  16 |   9 |  19 |  14 |  18 |  11 |   5 |  10 |   7 |  15 |  11 |  19 |   5 |  17 |  15 |  15 |  12 |  17 |  12 |  14 |   7 |  12 |  17 |  19 |   9 |  12 |  15 |  18 |   7 |  18 |  17 |  15 |  15 |   7 |  15 |   7 |  17 |
0.34 |0.62 |1.78 |1.76 |1.97 |0.96 |1.54 |1.40 |1.44 |1.41 |0.86 |0.81 |1.08 |0.23 |0.17 |1.83 |0.23 |1.63 |0.38 |0.82 |1.18 |0.50 |0.93 |1.39 |0.91 |0.34 |0.70 |0.61 |0.67 |0.81 |1.90 |1.29 |1.09 |0.54 |0.34 |1.73 |1.87 |1.89 |0.73 |0.39 |0.91 |1.19 |0.94 |1.84 |0.98 |0.62 |1.38 |1.91 |1.49 |1.79 |1.40 |1.29 |0.22 |1.23 |0.16 |1.98 |0.89 |0.91 |1.45 |0.43 |0.17 |0.14 |0.17 |1.95 |0.94 |1.60 |0.33 |0.67 |0.44 |1.16 |1.50 |0.34 |0.87 |1.17 |0.63 |1.62 |1.85 |1.39 |1.61 |0.88 |1.82 |1.45 |1.31 |0.97 |0.15 |0.12 |1.05 |0.51 |1.05 |0.84 |0.12 |0.20 |0.93 |0.53 |0.17 |1.30 |0.39 |1.50 |0.80 |0.63 |

  14 |  18 |  10 |  16 |  10 |  18 |   4 |   4 |  16 |  14 |  16 |  15 |  19 |   3 |   6 |  11 |   0 |  14 |   2 |   7 |   9 |   1 |  12 |   7 |   5 |   7 |   8 |   1 |  12 |   8 |   8 |  13 |  14 |   2 |  12 |   1 |  19 |   3 |   3 |  18 |   3 |  13 |  18 |   7 |   1 |  17 |   8 |   9 |   9 |  10 |  17 |  11 |   9 |   9 |   8 |   2 |  18 |  18 |  11 |  19 |  15 |  16 |  11 |   7 |  14 |   9 |   0 |   7 |  15 |  12 |   2 |  12 |   4 |   8 |  19 |   0 |  17 |  11 |  10 |  12 |  15 |  17 |  10 |  15 |  15 |   2 |  19 |  15 |  15 |   5 |  19 |   5 |   5 |  19 |  19 |   5 |   5 |   5 |  17 |  17 |
1.60 |0.19 |1.68 |0.96 |1.27 |1.80 |0.51 |1.21 |1.56 |1.80 |1.73 |1.31 |1.85 |1.52 |0.27 |0.97 |1.38 |1.72 |1.73 |1.86 |1.17 |0.86 |1.31 |1.40 |1.92 |0.88 |1.17 |1.87 |0.93 |0.13 |1.35 |0.38 |0.53 |0.17 |0.49 |0.59 |1.06 |1.59 |0.69 |0.33 |0.42 |0.69 |1.76 |0.76 |0.12 |1.26 |0.94 |0.36 |0.30 |0.81 |0.94 |1.21 |1.77 |1.65 |0.82 |1.63 |1.76 |1.11 |0.99 |0.81 |0.66 |1.18 |1.70 |1.66 |0.75 |1.55 |1.84 |1.01 |1.83 |0.57 |1.65 |1.76 |0.51 |1.40 |1.43 |1.11 |1.27 |1.03 |0.43 |0.66 |1.16 |1.13 |1.58 |0.40 |1.18 |0.35 |1.62 |1.04 |0.37 |0.95 |0.25 |0.56 |1.93 |0.48 |0.39 |1.75 |0.84 |1.62 |0.55 |1.26 |



Crossover using Roulette and Session Swap Mutation


Max fitness of generation 50 = 1103.81
Avarege User Data Rate (10 sessions): 55.19
Avarege User Data Rate Per Session: 5.52
Fittest individual: 

   0 |   8 |  16 |   0 |   7 |   6 |  10 |   8 |  15 |   8 |   7 |   0 |   5 |   7 |  15 |  16 |  16 |  12 |   1 |  11 |  15 |   3 |  14 |   1 |   5 |  13 |  17 |  18 |  17 |  12 |  18 |   5 |  10 |  14 |   5 |   3 |   7 |  14 |  11 |  10 |  11 |   7 |  17 |  16 |  14 |  11 |  19 |  13 |   2 |  19 |   8 |   5 |  17 |   3 |  11 |  12 |  10 |  14 |  18 |   4 |   7 |  12 |   8 |   2 |   5 |   5 |   2 |  10 |   1 |  19 |   3 |   1 |  17 |  19 |   2 |  18 |  15 |   8 |  18 |  12 |  17 |   4 |   4 |  15 |  18 |   9 |  15 |   2 |  15 |  19 |   9 |  12 |  19 |  19 |   9 |   9 |  15 |  19 |   9 |   9 |
0.30 |0.60 |0.75 |1.80 |1.34 |0.47 |0.81 |0.72 |0.33 |1.69 |1.35 |1.50 |1.02 |0.71 |1.09 |1.00 |0.83 |1.23 |1.73 |1.49 |0.48 |1.64 |0.38 |0.66 |1.80 |0.92 |1.29 |0.51 |1.90 |1.95 |1.66 |0.98 |0.54 |0.36 |1.25 |1.95 |1.28 |1.47 |1.67 |1.62 |0.39 |1.07 |1.49 |1.72 |1.55 |1.48 |0.80 |1.50 |1.74 |0.63 |0.95 |0.78 |0.53 |1.99 |1.86 |0.71 |1.59 |0.36 |0.54 |1.79 |1.71 |0.20 |1.54 |0.22 |1.72 |0.99 |1.84 |1.62 |1.97 |1.87 |0.69 |0.39 |1.12 |1.00 |0.15 |1.10 |0.17 |1.70 |0.60 |1.82 |1.56 |1.99 |0.47 |1.05 |1.24 |0.16 |0.54 |1.80 |1.64 |1.40 |1.80 |1.81 |1.84 |1.43 |0.31 |1.05 |0.31 |0.52 |1.84 |0.97 |

   0 |   8 |  16 |   0 |   7 |   6 |  10 |   8 |  15 |   8 |   7 |   0 |   5 |   7 |  15 |  16 |  16 |  12 |   1 |  11 |  15 |   3 |  14 |   1 |   5 |  13 |  17 |  18 |  17 |  12 |  18 |   5 |  10 |  14 |   5 |   3 |   7 |  14 |  11 |  10 |  11 |   7 |  17 |  16 |  14 |  11 |  19 |  13 |   2 |  19 |   8 |   5 |  17 |   3 |  11 |  12 |  10 |  14 |  18 |   4 |   7 |  12 |   8 |   2 |   5 |   5 |   2 |  10 |   1 |  19 |   3 |   1 |  17 |  19 |   2 |  18 |  15 |   8 |  18 |  12 |  17 |   4 |   4 |  15 |  18 |   9 |  15 |   2 |  15 |  19 |   9 |  12 |  19 |  19 |   9 |   9 |  15 |  19 |   9 |   9 |
0.11 |1.57 |0.32 |0.54 |0.44 |0.51 |1.02 |1.17 |1.12 |0.68 |0.93 |1.96 |0.17 |0.45 |1.87 |0.21 |0.77 |0.28 |0.95 |0.85 |1.83 |0.53 |0.39 |1.55 |1.30 |1.63 |0.49 |0.32 |0.49 |1.49 |1.14 |1.56 |1.62 |1.26 |1.93 |0.44 |1.16 |0.63 |0.66 |1.28 |0.27 |1.42 |0.80 |1.67 |0.44 |0.85 |1.56 |0.39 |1.92 |0.39 |0.91 |1.42 |1.00 |1.12 |1.92 |0.16 |0.22 |0.83 |0.78 |0.65 |1.95 |0.35 |0.95 |1.49 |1.77 |1.79 |1.13 |0.21 |1.08 |1.33 |0.80 |1.08 |0.37 |0.87 |1.03 |0.68 |1.60 |1.70 |1.22 |1.47 |0.52 |1.34 |1.37 |1.74 |1.39 |0.51 |1.74 |0.51 |0.44 |0.13 |0.87 |0.48 |1.44 |0.18 |1.32 |0.92 |1.80 |0.64 |1.50 |0.30 |

   0 |   8 |  16 |   0 |   7 |   6 |  10 |   8 |  15 |   8 |   7 |   0 |   5 |   7 |  15 |  16 |  16 |  12 |   1 |  11 |  15 |   3 |  14 |   1 |   5 |  13 |  17 |  18 |  17 |  12 |  18 |   5 |  10 |  14 |   5 |   3 |   7 |  14 |  11 |  10 |  11 |   7 |  17 |  16 |  14 |  11 |  19 |  13 |   2 |  19 |   8 |   5 |  17 |   3 |  11 |  12 |  10 |  14 |  18 |   4 |   7 |  12 |   8 |   2 |   5 |   5 |   2 |  10 |   1 |  19 |   3 |   1 |  17 |  19 |   2 |  18 |  15 |   8 |  18 |  12 |  17 |   4 |   4 |  15 |  18 |   9 |  15 |   2 |  15 |  19 |   9 |  12 |  19 |  19 |   9 |   9 |  15 |  19 |   9 |   9 |
0.74 |1.40 |0.69 |0.37 |1.14 |1.34 |1.97 |1.20 |1.83 |1.09 |1.47 |0.31 |1.43 |1.62 |1.16 |1.52 |1.28 |0.11 |1.50 |1.31 |0.66 |1.74 |1.95 |0.79 |1.03 |0.14 |1.88 |1.72 |0.42 |1.73 |1.26 |1.99 |1.31 |0.61 |1.41 |0.83 |0.96 |0.88 |0.23 |0.83 |0.97 |1.70 |0.40 |1.76 |0.67 |1.91 |1.64 |0.45 |1.68 |1.50 |0.12 |0.34 |1.74 |1.98 |0.98 |0.99 |0.38 |0.74 |1.90 |1.76 |0.34 |1.35 |0.65 |1.87 |1.53 |0.77 |1.96 |1.59 |1.83 |1.79 |1.50 |0.81 |1.41 |1.99 |1.33 |0.57 |1.07 |1.46 |0.97 |0.91 |0.23 |0.86 |1.87 |0.95 |0.97 |0.24 |1.82 |0.94 |1.48 |0.70 |1.36 |1.47 |1.77 |1.12 |1.19 |0.16 |0.72 |1.87 |1.50 |1.99 |

   7 |   2 |   1 |   7 |   5 |  13 |   1 |  14 |  18 |   6 |  10 |  16 |  11 |  16 |   9 |  14 |   2 |  13 |   8 |   4 |   7 |   9 |  15 |  11 |   7 |   7 |  15 |   9 |   5 |   1 |  12 |  12 |  15 |   3 |   1 |   4 |  18 |   7 |   9 |   4 |   5 |  11 |  14 |   8 |  12 |  16 |   0 |   5 |   2 |  11 |   9 |   2 |   0 |   8 |  12 |  14 |   0 |  18 |  17 |  17 |  12 |  18 |   9 |  12 |  16 |   3 |   8 |  18 |  18 |  15 |  17 |  11 |   2 |   8 |   3 |  14 |   3 |   5 |   8 |  15 |  17 |   5 |  10 |  17 |  19 |  19 |  15 |  10 |  19 |  19 |  19 |  15 |  10 |  17 |  15 |  19 |   5 |  10 |  19 |  19 |
1.65 |0.94 |0.93 |1.00 |0.89 |0.42 |1.27 |0.37 |1.77 |1.43 |1.79 |0.34 |1.70 |1.94 |1.94 |1.98 |0.25 |1.41 |1.21 |0.40 |1.77 |1.42 |0.66 |0.82 |1.01 |1.60 |1.18 |1.86 |0.44 |1.30 |0.20 |0.31 |1.92 |0.64 |0.12 |0.50 |0.42 |1.49 |0.79 |0.24 |1.01 |0.88 |1.56 |1.22 |0.39 |0.49 |1.25 |1.53 |0.58 |1.03 |1.94 |1.55 |1.27 |0.28 |1.17 |0.30 |1.68 |1.08 |1.11 |1.16 |1.20 |0.64 |0.88 |0.99 |0.98 |1.56 |1.49 |1.31 |1.93 |0.78 |1.00 |0.74 |1.86 |1.09 |1.95 |1.93 |0.51 |0.81 |0.39 |1.78 |1.59 |1.88 |1.06 |1.07 |1.71 |0.87 |0.34 |1.71 |1.50 |0.38 |0.94 |1.21 |1.82 |1.46 |0.75 |0.19 |0.17 |1.72 |0.78 |1.64 |

   9 |  13 |   6 |  13 |  19 |  15 |   5 |   7 |   9 |   2 |   9 |   2 |   8 |   4 |   2 |   0 |   4 |  16 |  16 |   2 |   5 |  10 |   7 |  14 |   1 |   0 |   8 |  10 |   0 |   3 |  15 |  16 |   4 |  17 |   7 |   8 |   3 |   8 |  18 |   7 |   2 |  10 |  18 |  11 |  15 |  18 |  11 |  10 |  19 |   5 |   9 |  16 |  15 |   9 |   5 |  17 |  15 |  12 |  19 |   1 |   1 |  18 |  14 |   8 |  18 |  19 |  15 |  17 |  12 |  15 |   3 |   9 |   5 |   5 |   7 |   1 |  10 |  12 |  11 |  11 |  18 |  17 |   7 |   8 |   5 |  14 |  17 |  14 |  11 |  17 |  19 |  12 |  12 |   3 |  19 |  14 |  15 |  19 |  19 |  12 |
0.38 |0.31 |1.65 |0.17 |1.75 |0.54 |1.72 |1.96 |1.08 |1.02 |1.50 |0.14 |0.97 |0.23 |0.13 |1.37 |0.77 |1.88 |1.38 |0.35 |1.70 |1.80 |1.83 |0.67 |0.49 |1.24 |1.60 |1.16 |1.70 |1.95 |0.93 |1.73 |0.20 |1.69 |1.96 |0.98 |0.82 |1.25 |0.59 |1.67 |0.27 |1.10 |1.14 |0.67 |1.76 |1.32 |1.86 |0.49 |1.37 |1.82 |1.53 |0.77 |0.93 |1.48 |0.63 |1.29 |1.83 |1.35 |1.49 |0.94 |0.54 |1.00 |1.36 |0.20 |1.24 |0.35 |0.38 |1.16 |0.28 |1.90 |0.68 |0.80 |0.59 |1.76 |0.38 |1.63 |1.59 |1.21 |1.55 |1.16 |1.84 |1.39 |1.92 |1.32 |0.66 |0.26 |1.99 |1.03 |1.18 |1.94 |1.41 |1.83 |0.31 |1.70 |1.28 |1.72 |1.91 |1.55 |0.78 |0.21 |

   9 |  13 |   6 |  13 |  19 |  15 |   5 |   7 |   9 |   2 |   9 |   2 |   8 |   4 |   2 |   0 |   4 |  16 |  16 |   2 |   5 |  10 |   7 |  14 |   1 |   0 |   8 |  10 |   0 |   3 |  15 |  16 |   4 |  17 |   7 |   8 |   3 |   8 |  18 |   7 |   2 |  10 |  18 |  11 |  15 |  18 |  11 |  10 |  19 |   5 |   9 |  16 |  15 |   9 |   5 |  17 |  15 |  12 |  19 |   1 |   1 |  18 |  14 |   8 |  18 |  19 |  15 |  17 |  12 |  15 |   3 |   9 |   5 |   5 |   7 |   1 |  10 |  12 |  11 |  11 |  18 |  17 |   7 |   8 |   5 |  14 |  17 |  14 |  11 |  17 |  19 |  12 |  12 |   3 |  19 |  14 |  15 |  19 |  19 |  12 |
0.40 |0.34 |0.66 |1.87 |0.97 |0.23 |1.41 |0.93 |0.63 |0.93 |1.76 |1.44 |0.45 |0.79 |0.93 |1.73 |1.81 |1.93 |0.30 |1.05 |1.17 |1.78 |1.10 |1.12 |1.40 |1.03 |1.59 |0.44 |0.55 |0.27 |1.56 |0.70 |1.13 |1.54 |0.26 |1.54 |1.66 |0.66 |0.28 |0.52 |1.29 |0.46 |1.44 |1.33 |1.28 |1.86 |1.60 |1.20 |1.84 |1.41 |1.44 |1.79 |0.24 |1.72 |1.84 |0.83 |0.14 |1.15 |0.34 |0.47 |1.61 |0.24 |0.70 |1.96 |0.96 |1.41 |1.85 |0.26 |1.76 |0.59 |0.12 |1.02 |1.23 |0.74 |1.81 |0.86 |1.11 |1.96 |1.99 |0.60 |1.36 |0.91 |0.29 |1.39 |1.44 |1.88 |1.43 |0.64 |0.18 |0.57 |0.72 |1.50 |1.65 |0.44 |1.77 |1.32 |0.67 |0.75 |0.88 |1.46 |

  19 |   6 |   5 |  14 |  18 |   1 |  10 |   2 |   5 |  17 |   3 |  10 |  11 |   3 |  14 |  12 |  18 |  12 |  14 |   5 |  15 |  18 |   3 |  15 |  13 |   0 |   1 |   9 |  17 |  16 |   3 |   5 |   9 |  10 |   1 |  15 |   0 |  18 |  14 |   4 |  10 |  13 |   4 |   8 |  18 |  19 |  15 |  15 |   5 |  11 |   4 |   8 |  12 |   0 |  16 |  14 |  12 |   5 |  18 |   8 |  17 |  15 |   7 |   5 |  17 |  19 |   7 |  11 |   1 |  19 |  10 |   7 |   8 |   8 |   9 |  11 |  11 |  19 |  16 |  19 |   2 |  15 |  19 |  17 |  17 |   8 |  12 |  12 |  15 |   2 |   7 |  16 |  19 |   2 |   2 |   7 |   7 |   9 |   9 |   9 |
1.62 |0.10 |0.17 |1.34 |1.25 |0.35 |0.36 |0.43 |0.12 |1.99 |1.43 |1.92 |0.79 |0.96 |1.54 |1.34 |1.37 |0.77 |0.51 |1.88 |1.67 |1.10 |1.42 |1.56 |0.56 |1.46 |1.76 |1.24 |1.90 |1.06 |1.32 |1.04 |0.50 |0.94 |1.37 |0.14 |0.26 |1.67 |0.29 |1.48 |0.51 |0.28 |0.45 |1.22 |0.64 |1.32 |1.51 |0.86 |1.25 |1.64 |0.25 |0.59 |0.96 |1.52 |0.91 |1.36 |0.60 |1.29 |0.26 |0.96 |1.84 |0.64 |0.62 |1.82 |1.63 |0.97 |0.63 |1.00 |0.30 |1.85 |0.65 |0.80 |0.49 |0.96 |1.55 |1.42 |1.59 |1.43 |1.93 |1.65 |0.60 |1.27 |0.91 |1.47 |0.80 |1.01 |0.94 |1.05 |1.00 |0.88 |1.59 |0.61 |1.39 |1.53 |0.63 |1.37 |1.99 |1.90 |1.57 |1.13 |

   9 |  13 |   6 |  13 |  19 |  15 |   5 |   7 |   9 |   2 |   9 |   2 |   8 |   4 |   2 |   0 |   4 |  16 |  16 |   2 |   5 |  10 |   7 |  14 |   1 |   0 |   8 |  10 |   0 |   3 |  15 |  16 |   4 |  17 |   7 |   8 |   3 |   8 |  18 |   7 |   2 |  10 |  18 |  11 |  15 |  18 |  11 |  10 |  19 |   5 |   9 |  16 |  15 |   9 |   5 |  17 |  15 |  12 |  19 |   1 |   1 |  18 |  14 |   8 |  18 |  19 |  15 |  17 |  12 |  15 |   3 |   9 |   5 |   5 |   7 |   1 |  10 |  12 |  11 |  11 |  18 |  17 |   7 |   8 |   5 |  14 |  17 |  14 |  11 |  17 |  19 |  12 |  12 |   3 |  19 |  14 |  15 |  19 |  19 |  12 |
0.60 |1.40 |0.15 |1.55 |1.74 |0.23 |0.96 |1.66 |0.84 |0.99 |0.21 |1.04 |1.77 |1.88 |1.19 |1.34 |0.96 |1.69 |0.92 |0.61 |0.21 |1.56 |0.15 |0.96 |0.90 |0.83 |1.82 |0.33 |0.97 |1.04 |1.59 |0.58 |0.23 |0.80 |1.20 |1.77 |1.90 |1.67 |0.88 |1.36 |1.34 |1.74 |0.42 |0.95 |1.80 |1.82 |1.69 |1.64 |1.49 |1.08 |1.94 |0.59 |0.30 |0.92 |0.48 |1.84 |0.81 |1.00 |0.45 |0.86 |0.86 |1.02 |1.79 |1.61 |1.25 |1.51 |1.85 |1.19 |1.16 |0.86 |1.60 |1.36 |1.54 |1.09 |1.36 |0.34 |0.85 |1.38 |1.74 |0.22 |1.89 |0.22 |1.87 |1.39 |1.86 |0.77 |0.92 |1.96 |0.54 |0.99 |1.94 |0.40 |0.11 |1.57 |0.29 |0.91 |1.70 |0.15 |0.62 |1.13 |

   7 |   2 |   1 |   7 |   5 |  13 |   1 |  14 |  18 |   6 |  10 |  16 |  11 |  16 |   9 |  14 |   2 |  13 |   8 |   4 |   7 |   9 |  15 |  11 |   7 |   7 |  15 |   9 |   5 |   1 |  12 |  12 |  15 |   3 |   1 |   4 |  18 |   7 |   9 |   4 |   5 |  11 |  14 |   8 |  12 |  16 |   0 |   5 |   2 |  11 |   9 |   2 |   0 |   8 |  12 |  14 |   0 |  18 |  17 |  17 |  12 |  18 |   9 |  12 |  16 |   3 |   8 |  18 |  18 |  15 |  17 |  11 |   2 |   8 |   3 |  14 |   3 |   5 |   8 |  15 |  17 |   5 |  10 |  17 |  19 |  19 |  15 |  10 |  19 |  19 |  19 |  15 |  10 |  17 |  15 |  19 |   5 |  10 |  19 |  19 |
1.51 |0.31 |0.65 |1.71 |0.46 |1.29 |1.01 |0.59 |0.21 |0.43 |1.00 |1.76 |0.71 |1.62 |0.68 |1.84 |1.88 |0.54 |1.50 |1.38 |0.99 |0.21 |0.65 |0.70 |0.83 |0.23 |0.99 |1.83 |0.77 |0.78 |1.15 |1.74 |1.12 |1.62 |0.34 |0.17 |1.86 |1.56 |0.73 |0.58 |0.11 |0.49 |1.05 |1.84 |0.35 |1.25 |0.36 |0.86 |0.16 |1.93 |1.73 |1.26 |1.95 |1.28 |1.13 |1.98 |0.14 |0.91 |1.45 |0.71 |0.19 |0.68 |0.16 |1.20 |0.93 |1.50 |1.59 |0.67 |0.15 |1.16 |1.96 |1.79 |1.19 |1.37 |1.76 |1.74 |0.73 |1.15 |0.88 |0.18 |1.82 |1.76 |1.52 |1.67 |1.15 |1.94 |1.68 |1.40 |1.39 |1.18 |1.37 |1.79 |0.13 |0.53 |0.17 |0.15 |0.78 |1.26 |1.50 |0.12 |

   8 |   4 |  18 |   8 |  19 |   0 |  11 |  19 |  14 |   8 |   5 |   5 |   3 |   8 |  15 |   2 |   3 |   1 |  12 |  12 |   7 |  13 |   2 |  12 |  10 |   4 |   3 |   8 |   7 |  17 |   7 |  17 |   7 |   9 |   9 |  17 |  14 |   8 |  14 |  14 |   0 |   2 |  18 |  15 |   2 |  19 |  18 |   2 |   5 |   1 |   4 |  12 |  18 |   1 |  13 |   5 |   0 |   5 |  12 |  17 |   1 |   7 |  17 |   6 |  12 |   3 |  18 |  16 |  18 |  15 |  19 |  19 |  19 |  19 |  15 |  16 |   5 |  16 |  16 |  10 |  10 |  15 |   9 |  11 |  19 |  10 |  17 |   7 |  11 |  10 |  14 |   5 |  15 |  11 |   9 |   9 |   9 |  15 |  11 |  15 |
0.44 |1.82 |0.56 |1.95 |1.10 |0.44 |0.37 |0.78 |1.66 |1.18 |1.65 |0.44 |1.10 |1.22 |0.63 |1.11 |1.44 |1.35 |0.44 |0.44 |1.34 |1.63 |1.82 |1.07 |0.97 |1.55 |1.96 |1.45 |0.80 |0.93 |0.14 |0.41 |1.19 |1.28 |1.42 |1.19 |0.70 |0.71 |0.41 |1.38 |1.74 |0.50 |1.76 |1.82 |1.26 |0.42 |0.63 |1.52 |1.52 |1.59 |1.37 |1.01 |1.84 |0.99 |1.25 |0.60 |1.85 |0.70 |1.31 |1.52 |0.86 |1.81 |0.30 |1.19 |1.60 |0.82 |1.58 |1.70 |0.68 |1.52 |1.66 |1.39 |1.03 |0.89 |1.76 |1.25 |1.26 |0.74 |1.51 |1.68 |0.49 |1.80 |1.78 |1.40 |0.90 |1.11 |0.85 |0.96 |0.56 |0.37 |1.99 |0.56 |0.40 |0.50 |0.97 |1.23 |1.87 |0.21 |0.99 |0.92 |


Crossover using Tournament and Timeslot Swap Mutation


Max fitness of generation 50 = 1094.15
Avarege User Data Rate (10 sessions): 54.71
Avarege User Data Rate Per Session: 5.47
Fittest individual: 

   9 |   0 |  13 |   0 |   5 |  10 |   9 |   9 |  14 |   1 |   5 |  12 |  10 |  10 |   2 |  18 |   7 |  14 |  17 |   7 |  13 |  16 |  10 |   6 |  12 |  16 |   4 |   4 |   3 |  17 |  16 |   3 |  17 |  16 |  11 |  14 |  17 |  10 |  12 |   9 |  12 |  15 |   1 |   1 |   7 |   8 |  19 |   5 |   0 |   9 |  19 |   5 |  14 |  12 |   4 |  19 |   2 |  11 |  15 |   5 |  19 |  18 |  17 |   8 |  19 |  12 |  19 |   2 |  19 |   9 |   5 |   1 |   8 |  19 |  11 |   7 |  18 |  17 |   2 |   7 |  18 |  14 |   7 |  11 |   8 |   3 |  18 |   2 |  15 |   5 |  11 |   3 |  15 |   8 |  15 |   8 |  15 |  18 |  15 |  15 |
0.44 |1.46 |0.82 |1.80 |1.78 |1.49 |0.78 |1.68 |0.79 |0.43 |0.64 |1.85 |0.88 |1.25 |1.49 |1.07 |1.44 |1.12 |1.43 |0.39 |1.55 |1.38 |0.43 |0.43 |0.23 |1.84 |1.39 |1.27 |1.80 |1.03 |0.11 |1.80 |1.37 |1.91 |1.62 |0.79 |0.76 |0.49 |1.53 |0.69 |0.24 |0.86 |1.83 |1.54 |1.89 |0.21 |0.80 |0.96 |0.20 |1.66 |1.38 |0.78 |0.27 |0.73 |0.36 |0.21 |1.17 |0.11 |1.47 |1.55 |0.39 |0.86 |1.87 |0.15 |0.62 |1.73 |1.32 |1.58 |0.33 |1.12 |0.45 |0.39 |1.03 |1.00 |1.29 |0.30 |1.70 |0.97 |0.60 |0.73 |1.63 |1.84 |1.26 |1.73 |1.22 |1.53 |1.73 |1.80 |1.64 |1.82 |1.52 |1.55 |0.41 |1.31 |0.12 |1.48 |0.31 |0.33 |0.70 |1.57 |

   3 |  12 |   8 |  11 |  17 |  17 |  12 |  11 |   5 |  16 |  18 |   9 |   2 |   5 |  13 |   4 |   7 |   5 |   0 |  13 |   8 |   2 |   9 |   3 |  11 |   0 |  10 |  15 |   0 |  18 |   5 |   7 |  15 |  15 |   5 |   7 |  11 |  18 |  14 |   9 |   7 |   2 |  17 |   5 |   2 |   2 |  16 |  11 |  14 |   6 |   8 |  19 |  10 |  14 |   3 |   3 |   4 |   4 |  15 |  10 |  14 |  14 |   8 |   8 |   1 |  10 |  15 |  15 |  18 |  18 |  16 |   1 |  12 |   7 |  17 |  15 |  12 |  12 |  12 |  10 |   9 |   1 |   1 |  16 |  15 |   7 |   9 |  19 |  19 |  18 |  19 |  19 |   5 |  19 |   9 |  19 |   8 |  17 |  17 |  19 |
0.51 |1.58 |0.84 |1.45 |0.52 |1.25 |1.87 |0.65 |0.95 |1.34 |0.76 |0.73 |0.54 |0.31 |0.14 |1.29 |1.39 |0.73 |0.33 |0.75 |1.59 |0.89 |1.77 |1.99 |0.61 |0.43 |0.81 |0.25 |0.47 |0.66 |0.94 |0.84 |0.62 |0.50 |1.93 |1.65 |0.54 |1.78 |0.42 |1.92 |0.52 |0.98 |0.80 |1.24 |0.46 |1.97 |1.07 |0.48 |1.35 |1.75 |0.91 |0.15 |1.89 |1.88 |1.23 |1.36 |1.81 |1.97 |0.89 |0.16 |1.63 |0.55 |0.95 |0.45 |0.54 |1.57 |1.62 |0.46 |1.59 |1.82 |1.85 |1.08 |0.64 |1.52 |1.87 |1.13 |0.55 |0.11 |1.76 |0.96 |0.53 |0.43 |0.89 |0.92 |1.73 |1.15 |1.79 |0.39 |1.84 |0.63 |1.47 |1.19 |1.87 |0.18 |1.32 |0.18 |1.63 |1.91 |1.04 |0.52 |

  19 |   6 |   5 |  14 |  18 |   1 |  10 |   2 |   5 |  17 |   3 |  10 |  11 |   3 |   2 |  12 |  18 |   0 |  14 |   5 |  15 |  18 |   8 |  15 |  13 |   0 |   1 |   9 |  17 |  16 |   3 |   5 |   9 |  10 |   1 |  15 |   0 |  18 |  14 |   4 |  10 |  13 |   4 |   8 |  18 |  19 |  15 |  15 |   5 |  11 |   4 |   8 |  12 |  12 |  16 |  14 |  12 |   5 |  18 |   3 |  17 |  15 |   7 |   5 |  17 |  19 |   7 |  11 |   1 |  19 |  10 |   7 |   8 |   8 |   9 |  11 |  11 |  19 |  16 |  19 |   2 |  15 |  19 |  17 |  17 |   8 |  12 |  12 |  15 |   2 |   7 |  16 |  19 |  14 |   2 |   7 |   7 |   9 |   9 |   9 |
0.24 |1.36 |1.02 |1.58 |1.10 |0.64 |1.97 |0.94 |1.92 |0.88 |0.11 |1.82 |1.99 |0.25 |1.95 |1.66 |1.24 |1.04 |1.03 |0.44 |0.66 |1.33 |1.17 |0.50 |1.68 |1.17 |1.06 |1.23 |0.42 |1.92 |1.27 |1.99 |1.74 |1.97 |1.74 |1.11 |1.55 |0.53 |0.86 |1.52 |1.35 |1.72 |0.97 |0.21 |1.37 |1.44 |1.69 |0.39 |0.30 |0.25 |1.05 |0.72 |1.57 |1.36 |0.92 |0.63 |0.14 |1.54 |1.90 |1.91 |0.13 |1.21 |1.26 |0.20 |0.69 |0.97 |1.21 |1.33 |1.83 |1.79 |1.16 |1.10 |1.70 |1.59 |1.83 |1.92 |1.00 |1.52 |1.44 |0.49 |1.30 |0.37 |1.05 |0.25 |0.62 |0.98 |0.91 |1.29 |1.48 |1.50 |0.50 |1.87 |1.77 |0.57 |1.61 |0.68 |1.08 |1.36 |1.50 |1.99 |

   8 |   4 |  18 |   8 |  19 |   0 |  11 |  19 |  14 |   8 |   5 |   5 |   3 |   8 |  15 |   2 |   3 |   1 |  12 |  12 |   7 |  13 |   2 |  12 |  10 |   4 |   3 |   8 |   7 |  17 |   7 |  17 |   7 |   9 |   9 |  17 |  14 |   8 |  14 |  14 |   0 |  19 |  18 |  15 |   2 |  19 |  18 |   2 |   5 |   1 |   4 |  12 |  18 |   1 |  13 |   5 |   0 |   5 |  12 |  17 |   1 |   7 |  17 |   6 |  12 |   3 |  18 |  16 |  18 |  15 |  19 |  19 |   2 |  19 |  15 |  16 |   5 |  16 |  16 |  10 |  10 |  15 |   9 |  11 |  19 |  10 |  17 |   7 |  11 |  10 |  14 |   5 |  15 |  11 |   9 |   9 |   9 |  15 |  11 |  15 |
0.10 |1.71 |1.29 |0.66 |0.26 |1.52 |0.32 |0.14 |0.30 |1.83 |0.76 |0.61 |0.74 |0.89 |1.97 |1.22 |1.79 |0.62 |1.59 |1.77 |1.77 |1.50 |1.49 |1.44 |1.63 |0.21 |0.15 |1.00 |1.68 |1.76 |1.72 |1.26 |0.12 |0.88 |0.91 |1.22 |0.55 |0.59 |0.98 |1.28 |0.86 |1.73 |1.28 |1.46 |1.37 |0.88 |0.52 |0.92 |1.72 |0.60 |1.61 |1.36 |1.90 |0.36 |0.19 |1.54 |1.68 |0.67 |1.71 |1.16 |0.81 |1.99 |0.60 |0.77 |0.27 |1.56 |0.31 |0.42 |1.93 |0.78 |1.23 |0.75 |1.86 |1.69 |1.58 |1.81 |1.44 |0.71 |0.11 |0.94 |1.17 |1.80 |1.29 |0.47 |1.71 |1.81 |0.81 |1.63 |1.08 |1.96 |1.84 |1.75 |0.98 |1.25 |1.96 |0.61 |0.41 |0.91 |1.67 |0.42 |

   9 |  15 |   7 |   8 |  19 |   0 |  19 |   6 |  16 |   7 |  11 |   8 |  10 |  19 |   4 |   9 |  17 |   8 |  14 |   4 |   8 |  13 |  12 |  16 |  18 |   3 |   7 |   9 |  17 |  14 |   7 |  13 |  11 |  10 |  14 |  18 |  15 |  14 |   9 |  14 |   4 |  12 |   0 |  15 |   3 |   0 |  16 |   8 |   9 |  16 |   3 |   2 |   3 |  18 |   9 |   1 |  10 |   7 |   7 |   1 |   5 |  19 |   1 |   8 |   2 |  15 |  11 |  12 |   1 |  12 |  11 |  11 |  10 |  15 |  17 |  15 |  10 |  15 |  17 |  18 |  12 |  19 |  19 |  15 |  12 |   5 |   2 |  18 |  18 |  19 |  17 |   5 |   5 |   5 |   5 |   5 |  17 |  19 |   2 |   2 |
0.38 |1.78 |1.35 |0.92 |1.75 |1.45 |0.28 |1.94 |0.87 |1.72 |1.43 |1.50 |1.79 |0.63 |0.98 |1.93 |1.96 |1.67 |0.10 |0.32 |1.98 |0.48 |1.03 |0.97 |1.85 |0.21 |0.74 |1.70 |0.53 |1.48 |0.46 |0.11 |1.86 |0.11 |1.47 |0.10 |1.09 |0.42 |0.70 |1.30 |0.94 |1.98 |1.30 |0.71 |0.54 |0.70 |0.40 |1.12 |1.80 |0.88 |0.68 |1.72 |1.65 |1.70 |2.00 |1.49 |1.35 |0.73 |1.75 |0.94 |1.22 |0.40 |0.74 |0.20 |0.28 |0.51 |0.38 |1.71 |0.87 |1.02 |0.71 |1.42 |1.66 |1.52 |1.36 |1.75 |1.59 |0.98 |1.57 |0.33 |1.89 |1.42 |0.92 |0.39 |0.81 |0.71 |1.02 |0.16 |1.36 |1.02 |0.76 |1.40 |1.48 |1.14 |1.97 |1.62 |0.39 |1.55 |1.49 |0.51 |

   9 |   7 |  16 |   1 |   2 |  11 |  11 |  18 |  16 |  10 |   3 |   6 |  13 |  17 |  11 |   9 |   9 |  11 |   9 |   4 |   8 |   3 |  15 |  16 |   2 |   8 |  12 |  11 |   9 |  13 |  12 |  15 |  12 |  12 |  10 |  14 |  15 |  19 |  12 |   3 |  10 |   4 |   4 |   7 |   2 |   3 |  14 |  19 |  15 |   8 |   0 |  15 |   0 |  19 |   7 |   9 |   5 |  17 |   5 |   2 |   1 |   0 |  16 |   2 |  14 |   5 |  14 |   8 |  12 |   8 |   8 |  14 |   1 |   7 |   5 |   1 |  10 |  17 |  10 |  17 |  19 |   5 |  18 |   5 |  18 |  17 |   5 |  17 |  19 |  19 |   7 |  19 |  18 |   7 |  15 |  19 |  18 |  15 |  18 |  15 |
0.40 |1.71 |1.91 |0.44 |0.57 |1.03 |0.80 |1.88 |1.93 |0.78 |0.99 |0.76 |0.82 |1.10 |1.95 |1.21 |1.06 |1.46 |0.30 |0.63 |1.87 |0.33 |0.94 |1.02 |1.46 |0.10 |0.48 |0.14 |0.87 |0.86 |1.10 |0.68 |0.96 |1.54 |1.02 |1.85 |0.27 |0.47 |0.14 |0.25 |0.82 |1.44 |1.17 |0.11 |0.56 |0.71 |0.18 |0.76 |1.84 |1.83 |0.29 |1.76 |1.46 |1.66 |0.94 |1.48 |0.73 |0.79 |1.69 |0.32 |1.61 |0.84 |1.69 |0.22 |1.29 |1.28 |0.76 |1.42 |1.76 |1.68 |0.45 |1.61 |1.23 |1.26 |0.61 |0.86 |1.11 |0.20 |1.87 |0.26 |1.58 |0.52 |1.85 |1.82 |0.74 |0.32 |0.12 |1.79 |1.21 |1.97 |1.12 |0.78 |0.47 |1.47 |1.63 |1.71 |1.02 |1.16 |0.73 |1.38 |

  18 |  19 |  17 |   5 |  12 |  14 |   4 |  14 |   0 |   2 |   9 |   6 |   9 |  16 |   8 |   5 |  17 |   8 |  11 |   1 |  19 |  10 |  19 |   4 |  15 |  10 |   9 |   5 |   4 |  12 |  13 |  19 |   1 |  11 |   9 |   9 |  18 |   5 |  19 |   8 |  10 |  11 |   8 |  19 |   7 |  12 |  14 |   1 |   9 |  14 |  13 |  17 |   5 |  16 |   5 |   1 |  14 |  11 |  10 |   8 |  15 |   3 |  17 |   7 |  19 |  17 |   7 |   8 |   0 |  18 |  10 |   0 |  12 |   7 |  16 |  15 |  11 |  12 |   2 |  16 |   2 |  17 |  15 |  12 |  15 |   5 |  15 |   2 |  15 |  15 |   2 |   3 |  19 |   7 |   7 |  18 |  18 |  18 |   3 |   3 |
0.57 |1.45 |1.10 |1.74 |0.30 |1.64 |1.73 |1.05 |1.68 |1.17 |0.34 |1.54 |1.57 |1.59 |1.24 |0.59 |1.12 |1.28 |1.35 |0.52 |1.02 |0.97 |1.15 |0.28 |1.47 |1.42 |1.22 |1.88 |1.63 |1.94 |1.80 |1.48 |0.85 |1.60 |1.70 |0.54 |1.23 |0.12 |0.64 |0.57 |0.51 |1.97 |1.09 |0.47 |1.47 |0.76 |0.30 |1.95 |0.57 |0.76 |1.01 |1.00 |0.39 |0.95 |0.97 |0.40 |0.94 |1.95 |0.98 |0.96 |1.27 |1.31 |1.59 |1.15 |0.74 |1.88 |0.63 |0.11 |0.28 |1.88 |0.65 |0.13 |0.23 |1.61 |1.31 |1.00 |1.59 |1.99 |1.01 |1.27 |0.60 |1.25 |0.29 |0.99 |1.39 |1.86 |1.13 |1.18 |1.00 |0.71 |0.68 |0.52 |1.39 |0.45 |0.13 |0.99 |1.99 |0.34 |0.33 |1.22 |

   9 |  13 |   6 |  13 |  19 |  15 |   5 |   7 |   9 |   2 |   9 |   2 |   8 |   4 |   2 |   0 |   4 |  16 |  16 |   2 |   5 |  10 |   7 |  14 |   1 |   0 |   8 |  10 |   0 |   3 |  15 |  16 |   4 |  17 |   7 |   8 |   3 |   8 |  18 |   7 |   2 |  10 |  18 |  11 |  15 |  18 |  11 |  10 |  19 |   5 |   9 |  19 |  15 |   9 |   5 |  17 |   3 |  12 |  19 |   1 |   1 |  18 |  14 |   8 |  18 |  19 |  15 |  17 |  12 |  15 |  15 |   9 |   5 |   5 |   7 |   1 |  10 |  12 |  11 |  11 |  18 |  17 |   7 |   8 |   5 |  14 |  17 |  14 |  11 |  17 |  19 |  12 |  12 |   3 |  16 |  14 |  15 |  19 |  19 |  12 |
0.60 |1.40 |0.15 |1.55 |1.74 |0.23 |0.96 |1.66 |0.84 |0.99 |0.21 |1.04 |1.77 |1.88 |1.19 |1.34 |0.96 |1.69 |0.92 |0.61 |0.21 |1.56 |0.15 |0.96 |0.90 |0.83 |1.82 |0.33 |0.97 |1.04 |1.59 |0.58 |0.23 |0.80 |1.20 |1.77 |1.90 |1.67 |0.88 |1.36 |1.34 |1.74 |0.42 |0.95 |1.80 |1.82 |1.69 |1.64 |1.49 |1.08 |1.94 |1.98 |0.30 |0.92 |0.48 |1.84 |1.16 |1.00 |0.45 |0.86 |0.86 |1.02 |1.79 |1.61 |1.25 |1.51 |1.85 |1.19 |1.16 |0.86 |1.75 |1.36 |1.54 |1.09 |1.36 |0.34 |0.85 |1.38 |1.74 |0.22 |1.89 |0.22 |1.87 |1.39 |1.86 |0.77 |0.92 |1.96 |0.54 |0.99 |1.94 |0.40 |0.11 |1.57 |1.28 |0.91 |1.70 |0.15 |0.62 |1.13 |

   4 |   1 |  19 |   2 |   0 |   8 |   3 |   2 |   1 |   5 |   1 |   8 |  16 |   9 |  16 |  10 |   4 |   7 |  18 |   9 |   3 |  13 |   1 |  11 |  13 |  12 |   2 |   6 |   9 |  10 |   3 |   4 |   5 |   3 |  12 |  17 |  14 |  15 |   7 |  14 |  11 |  11 |   8 |  19 |  15 |  12 |  11 |  10 |  12 |  16 |  17 |  12 |   8 |   9 |  10 |   5 |  14 |   7 |   5 |  12 |   7 |   5 |  18 |  18 |  15 |  16 |   8 |  17 |  18 |  11 |  15 |  10 |   7 |   0 |  19 |  14 |  17 |  15 |  14 |   9 |  18 |   2 |   9 |   2 |   0 |   7 |   5 |   5 |  18 |   8 |  19 |  15 |  17 |  15 |  15 |  19 |  19 |  17 |  19 |  19 |
1.14 |0.25 |1.32 |1.66 |1.73 |1.57 |1.75 |0.13 |1.38 |0.20 |0.11 |0.81 |0.32 |0.63 |0.14 |0.26 |0.76 |1.79 |0.87 |0.82 |0.38 |0.14 |0.85 |0.70 |0.91 |0.34 |0.69 |0.28 |0.51 |1.46 |1.90 |1.99 |1.77 |1.62 |1.56 |0.92 |1.89 |1.47 |1.30 |1.51 |0.53 |0.49 |1.28 |0.33 |0.53 |0.96 |0.85 |1.34 |1.99 |1.28 |1.16 |0.69 |0.13 |1.12 |0.16 |1.64 |1.53 |1.62 |0.53 |1.53 |1.86 |1.89 |1.55 |1.40 |1.95 |0.72 |1.59 |1.46 |0.15 |0.40 |0.88 |1.95 |1.54 |0.97 |0.63 |1.74 |1.85 |1.39 |1.60 |0.18 |2.00 |1.74 |0.11 |1.79 |0.44 |0.96 |1.59 |0.24 |0.24 |0.25 |1.37 |1.79 |1.41 |1.24 |0.17 |0.15 |1.99 |0.30 |1.50 |0.12 |

   5 |   5 |  11 |   7 |  18 |  13 |   3 |   7 |   6 |  19 |  11 |   4 |  10 |  15 |   4 |  18 |  15 |   8 |   7 |  17 |   2 |   7 |  11 |   8 |  12 |   9 |  15 |  10 |   5 |  13 |  17 |   2 |  14 |   3 |  12 |   4 |   2 |  18 |  17 |  17 |  10 |  11 |  17 |   8 |  15 |  11 |   2 |   0 |  18 |  19 |  15 |  17 |   0 |  18 |   8 |   7 |   1 |  16 |  14 |  10 |   8 |   1 |   9 |  15 |  18 |  12 |   8 |  15 |   5 |  19 |   2 |   1 |  16 |   3 |  14 |  12 |   1 |  19 |   9 |  10 |  14 |  16 |   9 |   9 |   3 |  19 |   5 |   5 |   9 |  19 |   0 |  14 |  15 |  16 |  19 |   7 |  19 |   5 |  12 |  12 |
0.54 |1.59 |0.71 |0.89 |1.46 |0.46 |0.95 |0.84 |0.16 |1.58 |0.79 |1.23 |0.43 |1.31 |0.19 |1.97 |0.60 |1.84 |1.50 |0.33 |0.89 |1.99 |0.43 |1.21 |0.48 |0.97 |1.83 |1.78 |0.74 |1.77 |1.16 |0.31 |0.53 |0.34 |0.49 |1.22 |1.37 |1.48 |0.18 |0.21 |0.27 |0.85 |0.47 |1.02 |1.28 |0.64 |1.07 |1.77 |1.56 |1.81 |1.23 |1.86 |1.96 |1.84 |0.82 |1.72 |1.24 |1.01 |1.80 |1.64 |1.60 |1.91 |1.31 |0.45 |1.32 |0.17 |1.70 |1.74 |1.59 |0.64 |1.65 |1.14 |1.22 |1.46 |1.11 |0.73 |0.98 |1.97 |0.87 |1.68 |1.96 |1.10 |1.78 |0.48 |1.39 |0.84 |0.82 |0.85 |1.83 |1.10 |1.22 |1.67 |0.40 |0.16 |0.39 |1.73 |0.91 |1.62 |0.78 |0.61 |


