Total timeslots:4
Total Users:2
User Timeslot usage:
[2. 2.]

Predicted rate for session 0:
[[1.2 0.8 1.2 2.1]
 [0.4 1.5 1.2 0.8]]

Predicted rate for session 1:
[[1.  1.1 0.7 1.5]
 [0.7 1.2 1.7 0.4]]

Scheduling session aggregation:
[[[1.2 0.8 1.2 2.1]
  [0.4 1.5 1.2 0.8]]

 [[1.  1.1 0.7 1.5]
  [0.7 1.2 1.7 0.4]]]

Initial Population:
ind0:
   1 |   1 |   0 |   0 |
0.40 |1.50 |1.20 |2.10 |
   0 |   1 |   0 |   1 |
1.00 |1.20 |0.70 |0.40 |

ind1:
   0 |   1 |   1 |   0 |
1.20 |1.50 |1.20 |2.10 |
   0 |   1 |   0 |   1 |
1.00 |1.20 |0.70 |0.40 |

ind2:
   0 |   1 |   0 |   1 |
1.20 |1.50 |1.20 |0.80 |
   1 |   0 |   1 |   0 |
0.70 |1.10 |1.70 |1.50 |

ind3:
   1 |   0 |   0 |   1 |
0.40 |0.80 |1.20 |0.80 |
   0 |   0 |   1 |   1 |
1.00 |1.10 |1.70 |0.40 |

ind4:
   1 |   0 |   0 |   1 |
0.40 |0.80 |1.20 |0.80 |
   0 |   1 |   1 |   0 |
1.00 |1.20 |1.70 |1.50 |


[[[[[1.  1.  0.  0. ]
    [0.4 1.5 1.2 2.1]]]


  [[[0.  1.  0.  1. ]
    [1.  1.2 0.7 0.4]]]]



 [[[[0.  1.  1.  0. ]
    [1.2 1.5 1.2 2.1]]]


  [[[0.  1.  0.  1. ]
    [1.  1.2 0.7 0.4]]]]



 [[[[0.  1.  0.  1. ]
    [1.2 1.5 1.2 0.8]]]


  [[[1.  0.  1.  0. ]
    [0.7 1.1 1.7 1.5]]]]



 [[[[1.  0.  0.  1. ]
    [0.4 0.8 1.2 0.8]]]


  [[[0.  0.  1.  1. ]
    [1.  1.1 1.7 0.4]]]]



 [[[[1.  0.  0.  1. ]
    [0.4 0.8 1.2 0.8]]]


  [[[0.  1.  1.  0. ]
    [1.  1.2 1.7 1.5]]]]]

Crossover:
ind0:
   0 |   1 |   0 |   1 |
1.20 |1.50 |1.20 |0.80 |
   0 |   1 |   0 |   1 |
1.00 |1.20 |0.70 |0.40 |

ind1:
   1 |   0 |   0 |   1 |
0.40 |0.80 |1.20 |0.80 |
   1 |   0 |   1 |   0 |
0.70 |1.10 |1.70 |1.50 |

ind2:
   1 |   0 |   0 |   1 |
0.40 |0.80 |1.20 |0.80 |
   0 |   1 |   0 |   1 |
1.00 |1.20 |0.70 |0.40 |

ind3:
   1 |   0 |   0 |   1 |
0.40 |0.80 |1.20 |0.80 |
   0 |   0 |   1 |   1 |
1.00 |1.10 |1.70 |0.40 |

ind4:
   0 |   1 |   0 |   1 |
1.20 |1.50 |1.20 |0.80 |
   1 |   0 |   1 |   0 |
0.70 |1.10 |1.70 |1.50 |


Mutation by Timeslot Swap
[[0.  0.  1.  1. ]
 [1.  1.1 1.7 0.4]]
    gene: 1 | ta: 1 | tb: 2
    0 and 1
    a: 1.1 b:1.7
new ind3:
   1 |   0 |   0 |   1 |
0.40 |0.80 |1.20 |0.80 |
   0 |   1 |   0 |   1 |
1.00 |1.20 |0.70 |0.40 |

